[1]	Algarve	99,892
1150.0,8920.0	1150.0,8930.0	1150.0,8940.0	1150.0,8950.0	1150.0,8960.0	1145.0,8965.0	1130,8970	1120,8970	1110,8980	1100,8980	1090,8990	1080,8990	1070,8990	1060,8990	1050,8990	1040,8990	1030,8990	1020,8990	1010,8980	1010,8970	1000,8960	990,8960	980,8960	970,8950	960,8950	950,8950	940,8940	930,8940	920,8930	910,8930	900,8930	890,8930	880,8930	870,8930	860,8930	850,8940	840,8940	830,8930	840,8920	850,8910	850,8900	860,8890	860,8880	870,8870	880,8860	880,8850	895.0,8840.0	897.5,8840.0	910.0,8840.0	925.0,8850.0	927.5,8850.0	940.0,8850.0	950.0,8850.0	960.0,8850.0	970.0,8850.0	980.0,8850.0	995.0,8860.0	1000.0,8870.0	1005.0,8880.0	1015.0,8890.0	1017.5,8890.0	1030.0,8890.0	1040.0,8885.0	1050.0,8875.0	1060.0,8870.0	1070.0,8870.0	1080.0,8870.0	1090.0,8870.0	1100.0,8870.0	1110.0,8870.0	1120.0,8870.0	1130.0,8870.0	1140.0,8870.0	1150.0,8880.0	1150.0,8890.0	1150.0,8900.0	1150.0,8910.0	
[2]	Beja	106,875
1290.0,8750.0	1280.0,8760.0	1270.0,8760.0	1260.0,8760.0	1250.0,8765.0	1240.0,8770.0	1230.0,8775.0	1220.0,8785.0	1220.0,8785.0	1210.0,8805.0	1200.0,8810.0	1190.0,8815.0	1180.0,8825.0	1170.0,8835.0	1170.0,8835.0	1160.0,8855.0	1150.0,8865.0	1140.0,8870.0	1130.0,8870.0	1120.0,8870.0	1110.0,8870.0	1100.0,8870.0	1090.0,8870.0	1080.0,8870.0	1070.0,8870.0	1060.0,8870.0	1050.0,8875.0	1040.0,8885.0	1030.0,8890.0	1017.5,8890.0	1005.0,8880.0	1000.0,8870.0	995.0,8860.0	980.0,8850.0	980.0,8850.0	970.0,8850.0	960.0,8850.0	950.0,8850.0	940.0,8850.0	927.5,8850.0	910.0,8840.0	910.0,8840.0	897.5,8840.0	895.0,8840.0	900,8820	900,8810	900,8800	900,8790	910,8780	910,8770	910,8760	910,8750	920,8740	920,8730	920,8720	920,8710	910,8700	920,8690	930,8680	930,8670	940,8660	940,8650	940,8640	950,8630	950,8620	950,8610	955.0,8595.0	955.0,8595.0	970.0,8585.0	970.0,8585.0	980.0,8570.0	990.0,8570.0	1000.0,8570.0	1015.0,8580.0	1015.0,8580.0	1035.0,8590.0	1035.0,8590.0	1050.0,8600.0	1055.0,8610.0	1065.0,8620.0	1070.0,8630.0	1075.0,8640.0	1085.0,8650.0	1095.0,8660.0	1095.0,8660.0	1115.0,8670.0	1115.0,8670.0	1135.0,8680.0	1135.0,8680.0	1155.0,8690.0	1155.0,8690.0	1175.0,8700.0	1185.0,8710.0	1185.0,8710.0	1205.0,8720.0	1205.0,8720.0	1220.0,8720.0	1230.0,8720.0	1240.0,8715.0	1240.0,8715.0	1255.0,8700.0	1265.0,8710.0	1270.0,8720.0	1270.0,8730.0	1275.0,8740.0	1275.0,8740.0	
[3]	Evora	119,855
1310.0,8555.0	1300.0,8565.0	1290.0,8570.0	1280.0,8570.0	1270.0,8575.0	1270.0,8575.0	1270.0,8590.0	1270.0,8600.0	1270.0,8610.0	1260.0,8625.0	1260.0,8625.0	1250.0,8645.0	1240.0,8655.0	1240.0,8655.0	1245.0,8670.0	1250.0,8680.0	1250.0,8690.0	1250.0,8690.0	1240.0,8715.0	1230.0,8720.0	1220.0,8720.0	1205.0,8720.0	1205.0,8720.0	1185.0,8710.0	1175.0,8700.0	1175.0,8700.0	1155.0,8690.0	1155.0,8690.0	1135.0,8680.0	1135.0,8680.0	1115.0,8670.0	1115.0,8670.0	1095.0,8660.0	1085.0,8650.0	1075.0,8640.0	1070.0,8630.0	1065.0,8620.0	1055.0,8610.0	1050.0,8600.0	1050.0,8600.0	1035.0,8590.0	1035.0,8590.0	1015.0,8580.0	1010.0,8565.0	1010.0,8565.0	1020.0,8550.0	1030.0,8545.0	1040.0,8535.0	1040.0,8535.0	1040.0,8520.0	1050.0,8510.0	1060.0,8510.0	1070.0,8510.0	1080.0,8510.0	1090.0,8510.0	1100.0,8505.0	1110.0,8495.0	1110.0,8495.0	1120.0,8475.0	1130.0,8470.0	1140.0,8470.0	1150.0,8465.0	1160.0,8455.0	1160.0,8455.0	1170.0,8435.0	1180.0,8425.0	1180.0,8425.0	1180.0,8410.0	1180.0,8400.0	1180.0,8390.0	1180.0,8380.0	1180.0,8370.0	1180.0,8360.0	1190.0,8350.0	1200.0,8350.0	1210.0,8350.0	1220.0,8350.0	1230.0,8345.0	1240.0,8340.0	1250.0,8340.0	1260.0,8340.0	1275.0,8350.0	1280.0,8360.0	1285.0,8370.0	1290.0,8380.0	1295.0,8390.0	1300.0,8400.0	1300.0,8410.0	1300.0,8420.0	1300.0,8430.0	1305.0,8440.0	1310.0,8450.0	1310.0,8460.0	1310.0,8470.0	1315.0,8480.0	1320.0,8490.0	1325.0,8500.0	1325.0,8500.0	1340.0,8515.0	1340.0,8515.0	1330.0,8535.0	1330.0,8535.0	1320.0,8550.0	
[4]	Ribatejo	107,841
1180.0,8410.0	1180.0,8425.0	1170.0,8435.0	1170.0,8435.0	1160.0,8455.0	1150.0,8465.0	1140.0,8470.0	1130.0,8470.0	1120.0,8475.0	1120.0,8475.0	1110.0,8495.0	1100.0,8505.0	1090.0,8510.0	1080.0,8510.0	1070.0,8510.0	1060.0,8510.0	1050.0,8510.0	1035.0,8510.0	1035.0,8510.0	1020.0,8510.0	1010.0,8510.0	1000.0,8510.0	990.0,8510.0	980.0,8510.0	970.0,8510.0	955.0,8500.0	955.0,8500.0	940.0,8490.0	940.0,8480.0	950.0,8465.0	960.0,8455.0	970.0,8445.0	970.0,8445.0	970.0,8430.0	970.0,8420.0	970.0,8410.0	980.0,8395.0	980.0,8395.0	980.0,8380.0	980.0,8370.0	990.0,8355.0	1000.0,8345.0	1010.0,8335.0	1020.0,8330.0	1030.0,8330.0	1040.0,8325.0	1050.0,8315.0	1060.0,8305.0	1060.0,8305.0	1070.0,8290.0	1080.0,8290.0	1090.0,8290.0	1100.0,8290.0	1110.0,8290.0	1120.0,8285.0	1130.0,8280.0	1140.0,8280.0	1150.0,8290.0	1155.0,8300.0	1160.0,8310.0	1165.0,8320.0	1165.0,8320.0	1180.0,8330.0	1180.0,8340.0	1190.0,8350.0	1180.0,8360.0	1180.0,8370.0	1180.0,8380.0	1180.0,8390.0	1180.0,8400.0	
[5]	Lisbon	92,842
970.0,8420.0	970.0,8430.0	970.0,8445.0	960.0,8455.0	950.0,8465.0	940.0,8480.0	940.0,8480.0	940.0,8490.0	940.0,8490.0	955.0,8500.0	970.0,8510.0	970.0,8510.0	980.0,8510.0	990.0,8510.0	1000.0,8510.0	1010.0,8510.0	1020.0,8510.0	1035.0,8510.0	1040.0,8520.0	1040.0,8535.0	1030.0,8545.0	1020.0,8550.0	1020.0,8550.0	1010.0,8565.0	1000.0,8570.0	990.0,8570.0	980.0,8570.0	980.0,8570.0	970.0,8585.0	955.0,8595.0	950,8580	940,8570	940,8560	930,8560	920,8560	910,8560	900,8570	890,8570	880,8560	880,8550	880,8540	880,8530	880,8520	880,8510	880,8500	880,8490	870,8490	860,8490	850,8480	840,8470	840,8460	850,8450	860,8440	860,8430	870,8420	870,8410	870,8400	870,8390	880,8380	890,8370	900,8360	900,8350	900,8340	900,8330	910,8320	920,8310	930,8310	940,8310	950,8300	960,8290	970,8280	980,8270	980,8260	990,8250	990,8240	1000,8230	1010,8220	1025.0,8210.0	1030.0,8220.0	1030.0,8230.0	1030.0,8240.0	1030.0,8250.0	1030.0,8260.0	1030.0,8270.0	1035.0,8280.0	1045.0,8290.0	1045.0,8290.0	1060.0,8305.0	1050.0,8315.0	1040.0,8325.0	1030.0,8330.0	1020.0,8330.0	1010.0,8335.0	1000.0,8345.0	990.0,8355.0	980.0,8370.0	980.0,8370.0	980.0,8380.0	980.0,8395.0	970.0,8410.0	970.0,8410.0	
[6]	Coimbra	113,817
1265.0,8170.0	1250.0,8185.0	1240.0,8195.0	1230.0,8205.0	1220.0,8210.0	1210.0,8215.0	1200.0,8225.0	1190.0,8230.0	1180.0,8235.0	1170.0,8240.0	1160.0,8245.0	1150.0,8255.0	1150.0,8255.0	1150.0,8270.0	1140.0,8280.0	1130.0,8280.0	1120.0,8285.0	1110.0,8290.0	1100.0,8290.0	1090.0,8290.0	1080.0,8290.0	1070.0,8290.0	1070.0,8290.0	1045.0,8290.0	1035.0,8280.0	1030.0,8270.0	1030.0,8260.0	1030.0,8250.0	1030.0,8240.0	1030.0,8230.0	1030.0,8220.0	1025.0,8210.0	1025.0,8210.0	1030,8190	1030,8180	1040,8170	1050,8160	1050,8150	1050,8140	1050,8130	1060,8120	1060,8110	1070,8100	1080,8090	1090,8080	1090,8070	1090,8060	1100,8050	1100,8040	1110,8030	1110,8020	1120,8010	1120,8000	1130,7990	1130,7980	1140,7970	1155.0,7960.0	1155.0,7960.0	1175.0,7970.0	1175.0,7970.0	1190.0,7970.0	1200.0,7970.0	1210.0,7970.0	1220.0,7970.0	1235.0,7980.0	1230.0,7990.0	1220.0,8005.0	1210.0,8010.0	1200.0,8015.0	1200.0,8015.0	1190.0,8035.0	1190.0,8035.0	1190.0,8050.0	1190.0,8060.0	1190.0,8070.0	1180.0,8085.0	1180.0,8085.0	1180.0,8100.0	1185.0,8110.0	1195.0,8120.0	1205.0,8130.0	1205.0,8130.0	1225.0,8140.0	1235.0,8150.0	1245.0,8160.0	1245.0,8160.0	
[7]	Castelo	128,826
1420.0,8260.0	1420.0,8270.0	1410.0,8285.0	1410.0,8285.0	1400.0,8300.0	1390.0,8305.0	1390.0,8305.0	1390.0,8320.0	1380.0,8335.0	1370.0,8340.0	1360.0,8340.0	1350.0,8340.0	1340.0,8340.0	1330.0,8340.0	1320.0,8340.0	1305.0,8330.0	1295.0,8320.0	1295.0,8320.0	1280.0,8320.0	1270.0,8325.0	1270.0,8325.0	1260.0,8340.0	1250.0,8340.0	1240.0,8340.0	1230.0,8345.0	1220.0,8350.0	1210.0,8350.0	1200.0,8350.0	1190.0,8350.0	1180.0,8340.0	1180.0,8330.0	1180.0,8330.0	1165.0,8320.0	1160.0,8310.0	1155.0,8300.0	1150.0,8290.0	1150.0,8270.0	1150.0,8270.0	1150.0,8255.0	1160.0,8245.0	1170.0,8240.0	1180.0,8235.0	1190.0,8230.0	1200.0,8225.0	1210.0,8215.0	1220.0,8210.0	1230.0,8205.0	1240.0,8195.0	1250.0,8185.0	1265.0,8170.0	1265.0,8170.0	1280.0,8170.0	1290.0,8170.0	1300.0,8165.0	1310.0,8160.0	1320.0,8155.0	1330.0,8145.0	1340.0,8140.0	1350.0,8140.0	1360.0,8140.0	1370.0,8150.0	1370.0,8160.0	1375.0,8170.0	1385.0,8180.0	1385.0,8180.0	1405.0,8190.0	1410.0,8205.0	1410.0,8205.0	1400.0,8225.0	1400.0,8225.0	1405.0,8240.0	1415.0,8250.0	
[8]	Viseu	134,806
1480.0,8060.0	1480.0,8070.0	1480.0,8080.0	1480.0,8090.0	1470.0,8105.0	1470.0,8105.0	1470.0,8120.0	1470.0,8130.0	1460.0,8145.0	1450.0,8155.0	1450.0,8155.0	1450.0,8170.0	1450.0,8180.0	1450.0,8190.0	1440.0,8200.0	1430.0,8200.0	1420.0,8200.0	1405.0,8190.0	1405.0,8190.0	1385.0,8180.0	1375.0,8170.0	1370.0,8160.0	1370.0,8150.0	1360.0,8140.0	1360.0,8140.0	1350.0,8140.0	1340.0,8140.0	1330.0,8145.0	1320.0,8155.0	1310.0,8160.0	1300.0,8165.0	1290.0,8170.0	1280.0,8170.0	1265.0,8170.0	1265.0,8170.0	1245.0,8160.0	1235.0,8150.0	1225.0,8140.0	1225.0,8140.0	1205.0,8130.0	1195.0,8120.0	1185.0,8110.0	1180.0,8100.0	1180.0,8085.0	1190.0,8070.0	1190.0,8070.0	1190.0,8060.0	1190.0,8050.0	1190.0,8035.0	1190.0,8035.0	1200.0,8015.0	1210.0,8010.0	1220.0,8005.0	1230.0,7990.0	1230.0,7990.0	1235.0,7980.0	1250.0,7975.0	1260.0,7965.0	1270.0,7960.0	1280.0,7955.0	1290.0,7950.0	1300.0,7945.0	1315.0,7960.0	1315.0,7960.0	1330.0,7960.0	1340.0,7960.0	1350.0,7960.0	1360.0,7960.0	1370.0,7960.0	1385.0,7970.0	1395.0,7980.0	1395.0,7980.0	1415.0,7990.0	1415.0,7990.0	1435.0,8000.0	1435.0,8000.0	1450.0,8000.0	1460.0,8000.0	1470.0,8000.0	1480.0,8000.0	1490.0,8010.0	1480.0,8025.0	1480.0,8025.0	1480.0,8040.0	1480.0,8050.0	
[9]	Tras-o-Montes	145,788
1615.0,7880.0	1615.0,7880.0	1630.0,7890.0	1630.0,7900.0	1620.0,7915.0	1620.0,7915.0	1610.0,7930.0	1600.0,7935.0	1590.0,7945.0	1590.0,7945.0	1580.0,7960.0	1570.0,7960.0	1560.0,7960.0	1550.0,7960.0	1540.0,7960.0	1530.0,7965.0	1520.0,7975.0	1510.0,7985.0	1510.0,7985.0	1500.0,8000.0	1490.0,8010.0	1480.0,8000.0	1470.0,8000.0	1460.0,8000.0	1450.0,8000.0	1435.0,8000.0	1435.0,8000.0	1415.0,7990.0	1415.0,7990.0	1395.0,7980.0	1385.0,7970.0	1370.0,7960.0	1370.0,7960.0	1360.0,7960.0	1350.0,7960.0	1340.0,7960.0	1330.0,7960.0	1315.0,7960.0	1300.0,7945.0	1300.0,7945.0	1300.0,7930.0	1300.0,7920.0	1300.0,7910.0	1300.0,7900.0	1295.0,7890.0	1290.0,7880.0	1290.0,7870.0	1300.0,7855.0	1310.0,7850.0	1320.0,7845.0	1330.0,7835.0	1330.0,7835.0	1330.0,7820.0	1325.0,7810.0	1315.0,7800.0	1305.0,7790.0	1300.0,7780.0	1300.0,7770.0	1310.0,7760.0	1320.0,7760.0	1330.0,7760.0	1340.0,7760.0	1350.0,7760.0	1360.0,7760.0	1370.0,7760.0	1380.0,7760.0	1390.0,7770.0	1395.0,7780.0	1395.0,7780.0	1410.0,7780.0	1425.0,7790.0	1425.0,7790.0	1440.0,7790.0	1450.0,7790.0	1460.0,7790.0	1470.0,7790.0	1480.0,7785.0	1490.0,7780.0	1500.0,7780.0	1510.0,7780.0	1525.0,7780.0	1525.0,7780.0	1545.0,7790.0	1545.0,7790.0	1560.0,7790.0	1570.0,7790.0	1585.0,7800.0	1590.0,7810.0	1590.0,7820.0	1580.0,7835.0	1580.0,7835.0	1580.0,7850.0	1585.0,7860.0	1595.0,7870.0	1595.0,7870.0	
[10]	Porto	122,784
1320.0,7845.0	1310.0,7850.0	1300.0,7855.0	1290.0,7870.0	1290.0,7870.0	1290.0,7880.0	1295.0,7890.0	1300.0,7900.0	1300.0,7910.0	1300.0,7920.0	1300.0,7930.0	1300.0,7945.0	1290.0,7950.0	1280.0,7955.0	1270.0,7960.0	1260.0,7965.0	1250.0,7975.0	1235.0,7980.0	1220.0,7970.0	1220.0,7970.0	1210.0,7970.0	1200.0,7970.0	1190.0,7970.0	1175.0,7970.0	1175.0,7970.0	1155.0,7960.0	1155.0,7960.0	1150,7940	1150,7930	1150,7920	1160,7910	1160,7900	1160,7890	1150,7880	1150,7870	1150,7860	1150,7850	1150,7840	1150,7830	1150,7820	1150,7810	1160,7800	1160,7790	1160,7780	1160,7770	1160,7760	1160,7750	1150,7740	1160,7730	1175.0,7715.0	1175.0,7715.0	1190.0,7705.0	1200.0,7700.0	1210.0,7695.0	1220.0,7685.0	1230.0,7680.0	1240.0,7680.0	1250.0,7680.0	1260.0,7680.0	1270.0,7680.0	1280.0,7680.0	1290.0,7690.0	1290.0,7700.0	1290.0,7710.0	1280.0,7725.0	1280.0,7725.0	1280.0,7740.0	1285.0,7750.0	1295.0,7760.0	1300.0,7770.0	1300.0,7780.0	1305.0,7790.0	1315.0,7800.0	1325.0,7810.0	1330.0,7820.0	1330.0,7835.0	
[11]	Orense	145,766
1570.0,7660.0	1570.0,7670.0	1575.0,7680.0	1580.0,7690.0	1570.0,7700.0	1560.0,7705.0	1550.0,7715.0	1540.0,7720.0	1530.0,7725.0	1520.0,7735.0	1520.0,7735.0	1520.0,7750.0	1520.0,7760.0	1520.0,7770.0	1510.0,7780.0	1500.0,7780.0	1490.0,7780.0	1480.0,7785.0	1470.0,7790.0	1460.0,7790.0	1450.0,7790.0	1440.0,7790.0	1425.0,7790.0	1410.0,7780.0	1410.0,7780.0	1395.0,7780.0	1390.0,7770.0	1380.0,7760.0	1380.0,7760.0	1370.0,7760.0	1360.0,7760.0	1350.0,7760.0	1340.0,7760.0	1330.0,7760.0	1320.0,7760.0	1310.0,7760.0	1295.0,7760.0	1285.0,7750.0	1280.0,7740.0	1280.0,7725.0	1290.0,7710.0	1290.0,7710.0	1290.0,7700.0	1290.0,7690.0	1300.0,7680.0	1310.0,7675.0	1320.0,7665.0	1320.0,7665.0	1330.0,7645.0	1340.0,7635.0	1350.0,7625.0	1360.0,7615.0	1360.0,7615.0	1370.0,7595.0	1380.0,7585.0	1390.0,7575.0	1400.0,7565.0	1400.0,7565.0	1400.0,7550.0	1400.0,7540.0	1410.0,7530.0	1420.0,7530.0	1430.0,7530.0	1440.0,7530.0	1450.0,7530.0	1460.0,7530.0	1470.0,7525.0	1480.0,7515.0	1490.0,7510.0	1500.0,7505.0	1510.0,7500.0	1520.0,7500.0	1535.0,7510.0	1535.0,7510.0	1550.0,7510.0	1560.0,7510.0	1570.0,7510.0	1580.0,7510.0	1595.0,7510.0	1600.0,7520.0	1600.0,7530.0	1600.0,7545.0	1590.0,7555.0	1580.0,7560.0	1570.0,7565.0	1560.0,7575.0	1550.0,7585.0	1540.0,7595.0	1540.0,7595.0	1540.0,7610.0	1545.0,7620.0	1555.0,7630.0	1555.0,7630.0	1570.0,7640.0	1570.0,7650.0	
[12]	Vigo	129,753
1395.0,7530.0	1400.0,7540.0	1400.0,7550.0	1400.0,7565.0	1390.0,7575.0	1380.0,7585.0	1370.0,7595.0	1370.0,7595.0	1360.0,7615.0	1350.0,7625.0	1340.0,7635.0	1330.0,7645.0	1330.0,7645.0	1320.0,7665.0	1310.0,7675.0	1300.0,7680.0	1290.0,7690.0	1280.0,7680.0	1270.0,7680.0	1260.0,7680.0	1250.0,7680.0	1240.0,7680.0	1230.0,7680.0	1220.0,7685.0	1210.0,7695.0	1200.0,7700.0	1190.0,7705.0	1175.0,7715.0	1170,7700	1170,7690	1170,7680	1170,7670	1180,7660	1180,7650	1190,7640	1200,7630	1210,7630	1210,7620	1210,7610	1200,7600	1210,7590	1210,7580	1210,7570	1200,7560	1210,7550	1220,7550	1220,7540	1230,7530	1230,7520	1230,7510	1220,7510	1210,7510	1200,7520	1190,7520	1180,7510	1190,7500	1200,7490	1200,7480	1200,7470	1190,7470	1180,7460	1180,7450	1180,7440	1180,7430	1180,7420	1170,7410	1160,7400	1170,7390	1180,7380	1190,7370	1200,7360	1210,7360	1220,7360	1230,7360	1240,7360	1250,7350	1260,7350	1270,7350	1280,7360	1290,7360	1300,7360	1310,7360	1325.0,7360.0	1330.0,7370.0	1330.0,7380.0	1335.0,7390.0	1345.0,7400.0	1345.0,7400.0	1360.0,7410.0	1360.0,7420.0	1360.0,7430.0	1360.0,7440.0	1360.0,7450.0	1350.0,7465.0	1350.0,7465.0	1350.0,7480.0	1355.0,7490.0	1365.0,7500.0	1370.0,7510.0	1375.0,7520.0	1375.0,7520.0	
[14]	Lugo	147,742
1580.0,7420.0	1585.0,7430.0	1590.0,7440.0	1595.0,7450.0	1600.0,7460.0	1600.0,7470.0	1590.0,7485.0	1590.0,7485.0	1590.0,7500.0	1580.0,7510.0	1570.0,7510.0	1560.0,7510.0	1550.0,7510.0	1535.0,7510.0	1520.0,7500.0	1520.0,7500.0	1510.0,7500.0	1500.0,7505.0	1490.0,7510.0	1480.0,7515.0	1470.0,7525.0	1460.0,7530.0	1450.0,7530.0	1440.0,7530.0	1430.0,7530.0	1420.0,7530.0	1410.0,7530.0	1395.0,7530.0	1395.0,7530.0	1375.0,7520.0	1370.0,7510.0	1365.0,7500.0	1355.0,7490.0	1350.0,7480.0	1350.0,7465.0	1360.0,7450.0	1360.0,7450.0	1360.0,7440.0	1360.0,7430.0	1360.0,7420.0	1360.0,7410.0	1360.0,7410.0	1345.0,7400.0	1335.0,7390.0	1330.0,7380.0	1330.0,7370.0	1325.0,7360.0	1340,7350	1350,7350	1360,7350	1370,7350	1370,7340	1370,7330	1370,7320	1380,7310	1390,7310	1400,7300	1410,7300	1420,7300	1430,7290	1440,7280	1450,7280	1460,7290	1470,7290	1480,7290	1490,7290	1500,7290	1510,7300	1520,7300	1530,7300	1540,7310	1540,7320	1550,7320	1560,7330	1560,7340	1570,7350	1585.0,7365.0	1585.0,7365.0	1580.0,7380.0	1570.0,7385.0	1570.0,7385.0	1570.0,7400.0	1575.0,7410.0	
[15]	Asturias	178,748
1990.0,7485.0	1990.0,7485.0	1990.0,7500.0	1980.0,7515.0	1970.0,7525.0	1960.0,7535.0	1950.0,7545.0	1950.0,7545.0	1950.0,7560.0	1950.0,7570.0	1950.0,7580.0	1940.0,7590.0	1930.0,7590.0	1920.0,7590.0	1905.0,7580.0	1905.0,7580.0	1885.0,7570.0	1885.0,7570.0	1870.0,7570.0	1855.0,7560.0	1855.0,7560.0	1835.0,7550.0	1835.0,7550.0	1820.0,7550.0	1810.0,7550.0	1800.0,7550.0	1790.0,7550.0	1775.0,7540.0	1775.0,7540.0	1760.0,7540.0	1750.0,7540.0	1740.0,7540.0	1730.0,7540.0	1720.0,7540.0	1710.0,7540.0	1700.0,7540.0	1690.0,7540.0	1680.0,7540.0	1670.0,7540.0	1660.0,7540.0	1650.0,7540.0	1640.0,7540.0	1630.0,7540.0	1620.0,7540.0	1610.0,7540.0	1600.0,7530.0	1600.0,7520.0	1595.0,7510.0	1590.0,7500.0	1590.0,7485.0	1600.0,7470.0	1600.0,7470.0	1600.0,7460.0	1595.0,7450.0	1590.0,7440.0	1585.0,7430.0	1580.0,7420.0	1575.0,7410.0	1570.0,7400.0	1570.0,7385.0	1580.0,7380.0	1580.0,7380.0	1585.0,7365.0	1600,7360	1610,7360	1620,7360	1630,7370	1640,7370	1650,7370	1660,7380	1670,7380	1680,7380	1690,7380	1700,7380	1710,7380	1720,7390	1730,7390	1740,7390	1750,7390	1760,7400	1770,7400	1780,7400	1790,7400	1800,7400	1810,7400	