0 Algarve	881.997889499079,8931.164933852033	-0.0915158071058524
1 Beja	959.4351852538415,8787.825494195617	-0.18422266915032984
2 Evora	1139.7828332217548,8499.480719497913	0.5095922648089258
3 Ribatejo	1006.75,8445.220588235294	-0.38460471482221353
4 Lisbon	882.3727973034437,8427.101877745305	0.0097084328341089
5 Coimbra	1077.4116268386308,8140.8138556916865	0.057739218525103976
6 Castelo Branco	1194.1363636363637,8296.545454545454	-0.2970642123410428
7 Viseu	1228.0619546026483,8061.252181589407	0.24497866312686412
8 Tras-o-Montes	1356.17454798331,7869.182892906815	0.15499674192394097
9 Porto	1175.0626660585083,7819.190025812579	0.36953120804640144
10 Orense	1351.9185601910942,7742.315932188588	-0.6238407209521569
11 Vigo	1249.809587939487,7536.382688176139	-0.13209344712486795
12 Lugo	1394.916896517708,7439.195517082637	-0.21109333322274657
13 Asturias	1657.5202004039845,7479.034873697841	0.06401497783434404
14 Leon	1596.3092050646374,7641.5902567735	0.17324566645236494
15 Zamora	1613.9816529800635,7869.090093850993	0.14481249823893905
16 Salamanca	1525.815951972556,8130.704288164666	-0.10213642922004237
17 Plasencia	1544.1558704453441,8345.393218623482	0.14531001063570215
18 Caceres	1342.3263966181028,8417.378057220501	0.2587708919636976
19 Extremadura	1304.5294117647059,8647.676470588236	0.23374318086890145
20 Huelva	1194.784386625482,8929.527662700382	-0.13660100397509187
21 Cadiz	1367.5616121924772,9176.375821721847	0.26490130706380444
22 Gibraltar	1472.0,9299.0	-0.3805063771123649
23 Sevilla	1427.8620988025182,9017.330658683455	-0.14888994760949725
24 Cordoba	1656.7897727272727,8893.397727272728	-0.09966865249116202
25 Badajoz	1573.152242257666,8619.155113285862	-0.0890495826344978
26 Talavera	1784.7415169660678,8446.258982035928	0.01666512371394075
27 Avila	1723.6119903158694,8230.283932211087	-0.1418970546041639
28 Segovia	1845.5219256234961,8009.371862232916	0.13970887428916365
29 Palencia	1892.8090028910922,7838.75455012107	-0.5065341703664665
30 Cantabria	2027.019259829275,7601.096299146374	-0.19739555984988078
31 Vizcaya	2289.1377455644074,7658.462347904399	0.092329334731599
32 La Rjoja	2152.0050877674703,7856.54869720293	-0.10409993810959933
33 Soria	2188.7720917667493,8056.795342195675	-0.1869792699189111
34 Guadalajara	2169.9774031563843,8203.61657101865	0.3958504413374161
35 Madrid	1937.0240109063054,8257.80304688509	0.16820677185708613
36 Toledo	2018.1497712526316,8543.551829978947	0.12435499454676145
37 Ciudad Real	1797.5663871595136,8702.486547665592	0.08673833867598511
38 Malaga	1585.2776983582633,9213.376840627507	-0.08454375551299813
39 Granada	1846.1301482794318,9126.506589573071	0.043450895391530846
40 Jaen	1935.037290340872,8935.905728750571	0.06484402755320674
41 Almeria	2157.8809241706163,9152.359004739337	0.17324566645236494
42 Murcia	2292.027926442869,8998.581437853418	0.07827114052127797
43 Albacete	2238.464224088795,8759.62720323984	0.2741674511196588
44 Cuenca	2227.4444444444443,8507.111111111111	0.09065988720074511
45 Alicante	2555.4926384744913,8907.585300729672	-0.017749615056497615
46 Valencia	2512.4501061571127,8673.597664543524	0.04542327942157701
47 Castellon	2752.6864864864865,8411.006756756757	0.12591262568579822
48 Tarragona	2915.1022146507667,8285.679727427598	-0.5971766580926776
49 Barcelona	3154.96875,8159.28125	-0.04345089539153084
50 Gerona	3230.2008139909435,8033.672940845432	0.03688363436802161
51 Lerida	3032.8135020791383,7976.95126592282	0.29654580906970046
52 Alcaniz	2757.6426799007445,8110.068238213399	-0.05549850524571683
53 Teruel	2498.2893982808023,8338.279369627508	0.17670885607003659
54 Zaragoza	2490.455882352941,8098.911764705882	0.10673567264913564
55 Huesca	2656.2707761194147,7927.728674626968	-0.11575921772081071
56 Navarra	2470.2435664657482,7794.5974108496	0.018516402068009044
57 Baleares	3308.070955175462,8699.014428629145	-0.14264165610467736
58 Labourd	2659.923409730737,7657.067937270097	0.03702011587393003
59 Armagnac	2863.6765510948903,7753.162408759124	-0.12435499454676144
60 Gers	2924.568545995106,7522.491958446982	0.10379234045704283
61 Landes	2711.4293619459177,7462.5944243508875	0.20356288253658886
62 Bordeaux	2774.5027397260274,7233.057534246575	0.2656035408112286
63 Dordogne	3013.0032594387912,7120.905476275054	0.034469100999508014
64 La Rochelle	2827.290015600624,7002.838377535101	0.08028681528301647
65 Poitiers	2923.4384816753927,6796.181937172775	0.1746721990082397
66 Lucon	2693.5655212670295,6715.631554502353	0.3666082230188066
67 Anjou	2846.5062010103406,6590.422487370742	0.07982998571223732
68 Nantes	2654.5020897241893,6577.5695057727335	-0.2524174207084336
69 Morbihan	2499.1422155688624,6412.752994011976	0.21109333322274657
70 Finistere	2355.568243243243,6288.971959459459	-0.016258729805129588
71 Armor	2487.486539850986,6302.575403323732	-0.3198743839901483
72 Rennes	2705.3380673162765,6365.100382442388	0.23255694180490902
73 Maine	2917.88989194487,6423.75305216732	0.11362261610611417
74 Alencon	2993.5928706410587,6272.021104614593	0.04164257909858843
75 Manche	2848.8886174929844,6156.0862232927175	0.008849326516257727
76 Normandie	2952.0556914560775,6124.162310125494	0.33667481938672716
77 Rouen	3186.9324142757373,6094.843798643246	-0.08690179078306168
78 Oisee	3435.250150976216,6134.249161243245	0.17809293823119754
79 Amiens	3410.001606185368,5990.1784453593655	-0.13552771398550073
80 Calais	3431.2881105929514,5801.67906009287	0.03310048871533822
81 Artois	3572.692684677936,5894.649161836085	0.19436526609501797
82 Soissons	3597.765913446248,6074.337275984221	0.04452500883452412
83 Ardennes	3788.5,6128.339285714285	-0.40122879900484876
84 Reims	3663.7062043212495,6271.583942050472	0.1304033078891334
85 Verdun	3946.9141025641024,6260.121794871795	-0.05708078240626461
86 Strasbourg	4292.877249575552,6388.184040747029	-0.21583609226210426
87 Mulhouse	4250.7458917835675,6584.543887775551	-0.4012287990048488
88 Nancy	4065.137821902927,6469.100327324342	-0.20131710837464076
89 Champagne	3904.826923076923,6484.878205128205	0.08800737352774077
90 Troyes	3674.5225988759053,6421.783641473157	0.21655030497608926
91 Paris	3502.7305876462215,6349.955141904439	-0.11379200714370806
92 Versailles	3354.505649717514,6286.443502824859	0.09966865249116202
93 Chartres	3219.143312101911,6391.5605095541405	-0.1343214419529685
94 Le Mans	3093.7604731917318,6619.357445120441	-0.017239671194529696
95 Orleans	3352.6148846901183,6551.8764499386	-0.06114816264930121
96 Auxerre	3599.6132079938147,6524.235840123703	0.04995839572194276
97 Tours	3103.0035660675503,6844.701670452337	-0.04647813135100294
98 Nevers	3566.1353292266435,6671.208683093427	0.24497866312686414
99 Chatillon	3754.9350146776546,6639.055777915698	-0.018865686021670786
100 Hericourt	4022.052418856911,6648.033259282527	-0.07259945373049462
101 Besancon	4014.9676802410713,6755.387837107144	0.08314123188844123
102 Dijon	3814.528405017657,6813.261409799887	0.08800737352774077
103 Bourbonnais	3495.5980091883616,6931.147779479326	0.04164257909858843
104 Limoges	3257.610609810808,7007.804449824397	0.039195601927054714
105 Vichy	3437.5149868850635,7144.726832789193	0.07878396098914381
106 Macon	3680.847566823598,7085.2010967044425	0.0475831032769834
107 Ain	3941.032513030692,7088.048769546038	-0.5880026035475676
108 Lyon	3880.4136031645357,7206.772063290715	-0.04995839572194276
109 Provence	4004.747803720389,7586.2315207884685	-0.5833730069938559
110 Toulon	4000.601853759171,7719.809247918445	0.16662251569897976
111 Valence	3696.602490736254,7388.200036104076	-0.19930516924096356
112 Avignon	3860.0581333716136,7501.426026789163	-0.3028848683749714
113 Marseille	3768.585078647067,7695.302627134572	-0.3531867357529166
114 Gard	3579.267449759945,7535.046560999658	-0.1586552621864014
115 Aveyron	3361.8046230823525,7419.242608447003	-0.007194120490292076
116 Montpellier	3429.0079617834394,7683.95780254777	-0.19118445959701447
117 Aude	3284.2402368154103,7757.324446703897	0.12486992755995127
118 Toulouse	3112.68347639485,7742.076180257511	0.2860514417173182
119 Roussilon	3231.9086617062912,7917.618989054794	-0.11431425485056297
120 Luxembourg	4102.284722222223,6098.145833333333	0.3217505543966422
121 Arlon	3991.783124273452,6084.845428279813	-0.47646741947370674
122 Mons	3696.526223420326,5860.684441449184	0.3805063771123649
123 Bruges	3576.677782769923,5736.2829786386665	0.1770731547788753
124 Liege	3976.138525972673,5892.810077952745	0.04408905739807185
125 Charleroi	3888.171113243762,5998.602207293666	-0.38430382721281914
126 Antwerp	3928.6926503340756,5734.075723830735	0.27829965900511133
127 Breda	3979.5005458001024,5636.295032433964	-0.1607627406258347
128 Middelburg	3792.4156004653432,5638.441277502659	0.18422266915032984
129 Den Haag	3869.818271119843,5513.535756385069	0.33370217653755035
130 Utrecht	4023.318345323741,5463.150479616307	0.15660187698201536
131 Zwolle	4124.365137458807,5364.467124862691	-0.2914567944778671
132 Leeuwarden	4093.2097826086956,5245.383695652174	0.006451523392968637
133 Limburg	4056.5029691211403,5728.299881235154	0.23109066719589708
134 Metz	4127.331059567106,6282.112575113091	-0.11415126705280719
135 Grenoble	3978.853092783505,7374.780927835051	-0.09966865249116202
136 Bourges	3418.5427704179556,6684.040469710701	0.5177818586126866
137 Quercy	3216.672887777354,7223.03274481637	0.2662520491509253
138 Charolais	3663.656432748538,6841.466374269005	0.4081491037550893
139 Pontarlier	3981.346660808436,6870.670035149385	0.16514867741462685
140 Montauban	3138.0174129353236,7441.141791044776	0.36397895650964407
141 Bergerac	2980.312176587679,7367.721232955627	-0.335967605926131
142 Tarn	3309.6313222132735,7566.462066720359	0.16514867741462685
143 Auvergne	3539.2548543689322,7267.502427184466	-0.019228399099707204
144 Chateauroux	3305.128205128205,6761.043803418804	0.16977827396833844
145 Brussels	3828.524555191398,5831.463856007515	0.04142706186054587
146 Ghent	3766.1416480788002,5760.022011559734	-0.08800737352774077
147 Amsterdam	3940.15077186964,5388.7418524871355	-0.39479111969976155
148 Arnhem	4075.2858676646233,5556.20193597079	-0.36172924151993224
149 Gelderland	4116.508752025932,5433.47471636953	0.12774098612131254
150 Groningen	4242.725543478261,5243.96875	-0.08673833867598511
151 Cornwall	2309.5122472037706,5731.910898957213	-0.15660187698201536
152 Devon	2470.7613186168232,5648.497041219368	0.24285777553277826
153 Somerset	2658.557765721194,5571.893908815466	0.19646185330515867
154 Dover	2741.71381971788,5688.398381457458	-0.1919534367056863
155 Sussex	3004.425117668116,5694.5819424188485	-0.01694752980640491
156 Kent	3206.546136605683,5625.376327343176	0.18026468397983128
157 Essex	3245.2479208599343,5484.320690762226	0.029403288204005118
158 London	3094.318181818182,5563.318181818182	0.09966865249116202
159 Bedford	3090.629474940334,5453.331145584725	-0.23554498072086333
160 Oxford	2943.342493297587,5504.611930294906	0.1206236685801027
161 Bristol	2781.65972459881,5480.948401834011	0.21535769969773802
162 Gwent	2614.5722580799784,5428.716774239935	-0.32175055439664213
163 Dyfed	2424.724114831321,5359.980756877428	0.04561149699887635
164 Ceredigion	2594.127989130435,5256.114673913043	-0.05051877672240472
165 Gwynned	2577.1535401345677,5084.026870794759	0.03198908403931511
166 Worcestshire	2739.033505154639,5326.481958762886	0.12435499454676145
167 Northampton	2947.110597439545,5334.901493598862	-0.3805063771123649
168 Cambridge	3165.2596153846152,5323.923076923077	0.029403288204005118
169 Norfolk	3329.875057736721,5307.033487297921	0.21634066137329058
170 Lincolnshire	3153.0928680981597,5124.429371165645	-0.072719228553254
171 Nottingham	2979.559178743961,5093.397342995169	0.2247111684146427
172 Stafford	2767.1732378854626,5158.012444933921	0.13165413499045864
173 Lancashire	2808.523913043478,4972.319565217391	-0.17093453377680898
174 Leeds	2944.9942640387535,4896.53441576748	0.16514867741462685
175 Yorkshire	3127.3451923076923,4887.507211538462	0.0838366420684145
176 Cumberland	2779.063043478261,4714.541304347826	-0.07355129048853977
177 Northumberland	2944.4455099778274,4618.9645232815965	-0.030854402730526108
178 Galloway	2569.1809210526317,4573.778289473684	-0.15549138326859555
179 Dumfries	2731.416141832779,4511.146134153833	0.2347226124851971
180 Edinburgh	2817.1487628156415,4425.280929608958	0.03997868712329004
181 Strathclyde	2635.2828438948995,4368.962905718702	0.2662520491509254
182 Fife	2725.0922992794026,4313.990368934856	-0.07184582274135505
183 Argyll	2564.1800000000003,4229.92	0.18697926991891112
184 Perth	2704.24328150519,4199.598833866784	-0.04441521524691084
185 Angus	2901.1641129245645,4131.0056488742275	-0.005747063163203585
186 Aberdeen	2896.443282552479,3995.2179969101744	-0.14981245657289735
187 Inverness	2615.9523447377474,4072.9872735324466	-0.28984648991161976
188 Ross	2638.4780164580884,3919.4440262186567	-0.3017031152025696
189 Sutherland	2714.016831683168,3739.42698019802	0.054590515180476515
190 Caithness	2890.436956521739,3724.0108695652175	-0.15381415023304035
191 Belfast	2277.8526315789477,4651.372368421053	-0.04392776707688983
192 Tyrone	2176.5854799678673,4535.09397015263	0.20749622643520263
193 Donegal	2078.0342760180993,4477.542647058824	0.048912006149194664
194 Meath	2189.544700072092,4766.924650684873	-0.10487693873023389
195 Dublin	2178.3710169147694,4939.322457713077	0.3805063771123649
196 Waterford	1991.8168126094572,5109.187565674256	0.09604905658421299
197 Cork	1735.0116002030072,5244.108280458458	-0.4168539981313856
198 Kerry	1677.169446355349,5116.616649027548	0.10791248881667652
199 Limerick	1793.686488652954,4977.593004878981	0.2918193760428338
200 Kildare	2042.1845679012345,4910.212962962963	0.0333209958782472
201 Galway	1826.1015857720329,4814.654117744417	0.030408874457232896
202 Sligo	1838.5372110921155,4669.894376169928	0.009063195945708251
203 Mann	2577.4606978587735,4759.794755484704	-0.18919902209996817
204 Hebrides	2466.184908071202,3711.7484248257806	-0.17414393703941786
205 Orkney	2996.609615384615,3552.601923076923	0.3625442372645076
206 Shetland	3278.5303570828446,3286.811239287519	-0.28053679173832197
207 Savoy	4090.52117400439,7151.571698118533	-0.03702011587393003
208 Aosta	4257.371060713209,7188.513066976406	0.08865588186743746
209 Novara	4453.795905707196,7141.3393300248135	0.27829965900511133
210 Milan	4567.723297265582,7173.213621875345	0.12435499454676145
211 Brescia	4722.526736024527,7139.01076709249	0.027020449187264792
212 Trentino	4938.812834934797,7026.440291123312	-0.11942892601833845
213 Bolzano	4952.638488550978,6890.796770975037	0.07827114052127797
214 Belluno	5120.393150135928,7036.107670244672	-0.507098504392337
215 Udine	5284.376067195245,7044.880335976227	-0.19739555984988078
216 Venice	5183.272232212017,7183.8909934505355	-0.4398425828157362
217 Padua	5049.248452043181,7099.1894349460235	0.6747409422235527
218 Verona	4889.800771208226,7161.122107969151	0.26060239174734096
219 Ferrara	5035.581004701866,7364.68669512743	-0.02409172342492131
220 Mantua	4819.390800587349,7321.106882114455	-0.27094685033842053
221 Parma	4690.305368470123,7385.473157649387	0.19739555984988078
222 Montferrat	4419.463483146067,7420.688202247191	-0.6375487981386928
223 Piedmont	4231.406096542617,7484.0272445227	0.11585811990622655
224 Nice	4178.292189561535,7603.418758246142	-0.24497866312686414
225 Savona	4348.705731689636,7607.728452451811	-0.5434775947130435
226 Genoa	4597.486106550384,7490.364814863931	-0.009851897995001146
227 Lucca	4850.52402495396,7631.572074861881	-0.3217505543966422
228 Modena	4816.345848987728,7462.336288527583	-0.08800737352774077
229 Bologna	4968.037246049661,7470.795711060948	0.34302394042070344
230 Ravenna	5109.577204301076,7512.952258064516	0.030293759918775105
231 Florence	5032.371794871795,7696.815705128205	-0.11379200714370806
232 Pisa	4898.688978403879,7687.179516619051	0.18311081726248413
233 Siena	4971.838379162602,7882.773116057287	-0.09833650407847092
234 Viterbo	5107.505503935407,8014.79635438991	0.027020449187264792
235 Umbria	5183.558265880185,7901.063858211987	-0.09275632018814374
236 Marche	5360.705696202532,7789.450126582278	-0.059808823379530876
237 Pescara	5375.086287489493,8025.834112398427	-0.10308160852270024
238 Turin	4200.810006340931,7307.7346887245385	0.3539974368318961
239 Latina	5328.923118506975,8168.322902270707	0.23374318086890142
240 Rome	5220.026070458049,8109.560056288856	0.625485040239229
241 Naples	5529.264148218575,8291.2946313731	-0.2626090780170461
242 Molise	5601.159477075003,8166.3952806747375	-0.5005823058948465
243 Foggia	5799.770104342655,8216.465469541949	-0.21866894587394195
244 Salerno	5697.555755395683,8374.210431654676	0.07878396098914381
245 Potenza	5911.880189319547,8494.504067987526	0.03190406448502242
246 Bari	5950.653218888565,8348.185407774217	-0.09065988720074511
247 Taranto	6231.650654364936,8441.850412246371	0.09691762779436304
248 Urbino	5202.155524768533,7681.084256944027	0.0333209958782472
249 Cosenza	6022.920846667632,8699.344841876069	0.033641149541072196
250 Calabria	6041.1037313432835,8990.494776119403	-0.28523710964976573
251 Catania	5681.520338081785,9187.295020197276	-0.11147622180977823
252 Syracuse	5611.091038810652,9342.060381308149	0.07192184111593578
253 Palermo	5409.254805564204,9250.925974812655	-0.4390047112061925
254 Malta	5750.197745692841,9702.023986893766	0.018179815072978278
255 Cagliari	4514.233839520504,8795.439893908331	0.22006170263356517
256 Arborea	4532.099168688495,8634.66251730363	0.08279782530853373
257 Sassari	4484.3568285302845,8467.241889192714	0.066128603364573
258 Aiacciu	4579.4974585269865,8188.774802151723	-0.30429596809688925
259 Corte	4558.84594798726,8024.992183236978	-0.17193809782374486
260 Valtellina	4699.682926829269,7066.792682926829	-0.4214192068878042
261 Rovigo	5026.981750273689,7250.288697919964	0.13082739607405697
262 Piacenza	4545.930463576159,7379.576158940397	-0.3805063771123649
263 Reykjavik	1217.1008538899432,1480.0112903225806	0.004524855996455904
264 Selfoss	1262.5701292140961,1702.7525501271468	0.2405342479459046
265 Eglissataoir	1853.3642180094787,1688.613981042654	0.22892499651560902
266 Akueyri	1714.7359950323666,1416.3885343594643	0.14358339364646863
267 Sauoarkrokur	1411.9381782945736,1357.9817829457363	0.17085312209848358
268 Isafjorour	1147.6064413752695,1166.3637494782217	-0.059305373860253474
269 Faroe	2681.321571078464,2656.1676433823045	0.5880026035475676
270 Jutland	4674.649144371286,4236.045625437598	-0.059453659308656884
271 Aarhus	4701.361549988356,4416.604940733433	0.10697263946934471
272 Ringkobing	4537.256003430532,4430.804373927958	-0.2255096351884239
273 Ribe	4530.83605010024,4588.4866853649955	0.006849207963935051
274 Vejle	4669.563349761241,4583.489430839618	-0.09545371433271416
275 Funen	4776.08666514815,4676.813517073749	0.00826427465965116
276 Storstrom	4994.002716748438,4564.034912117613	1.4023400539449837
277 Copenhagen	5051.656763285025,4575.646135265701	-0.23590861706847163
278 Bornholm	5478.495777351248,4693.0180422264875	0.22990442813190468
279 Malmo	5240.778940810549,4597.45471182858	0.06146095588276595
280 Kristianstad	5299.348009188361,4438.132848392037	0.060532019782107135
281 Blekinge	5436.895191457814,4372.999176289467	0.25862545857321634
282 Halland	5117.09284116331,4226.066219239373	0.00826427465965116
283 Kronoberg	5273.625654450262,4258.2434554973825	0.09966865249116202
284 Kalmar	5527.312347188264,4125.494498777506	-0.02777063659342104
285 Jonkoping	5311.330252918288,4096.517509727626	-0.29145679447786704
286 Vastergotland	5068.83407079646,4059.3783185840707	0.019228399099707204
287 Bohuslan	4963.771428571428,3863.6178571428572	-0.058186670813604284
288 Orebro	5108.295017427136,3866.1871429108737	-0.10261928770496878
289 Ostergotland	5452.120292887029,3833.1705020920504	0.2754261036960353
290 Stockholm	5603.598913043478,3647.123641304348	0.06723855473684637
291 Narke	5409.817457480338,3697.003169212642	-0.4844779290370232
292 Varmland	5045.589852398523,3664.311992619926	0.07393903765794035
293 Kopparberg	5143.682454695222,3489.527594728171	-0.039195601927054714
294 Vastmanland	5412.340941011236,3475.0224719101125	0.12435499454676144
295 Uppland	5723.406603773586,3430.59929245283	0.16582710336210268
296 Gastrikland	5570.288461538462,3252.980769230769	0.1418970546041639
297 Halsingland	5293.299004594181,3287.407733537519	0.017239671194529696
298 Dalarna	5108.815568422257,3207.799163438705	-0.3066763194016827
299 Harjedalen	5084.529069767442,2857.8313953488373	0.14444157837464397
300 Gavleborg	5375.769982238011,2867.386323268206	0.23783592745745077
301 Angermanland	5553.876492537313,2480.1557835820895	-0.028003881807664287
302 Jamtland	5103.030643661921,2550.7778334510735	0.13706617431018764
303 Lappland	5323.76617954071,2014.5031315240083	0.15431877592611903
304 Vasterbotten	5742.849502133712,2150.1031294452346	0.19946809574251892
305 Norbotten	5879.038524590164,1702.6669398907102	-0.1255733917507448
306 Kiruna	5520.909599667919,1376.6725553277477	0.2204937613666717
307 Stavanger	4258.877697841726,3735.7703237410074	-0.04208040744189057
308 Lund	5167.723227021638,4462.10137083524	0.21711131473490516
309 Kristiansand	4452.782835820896,3774.972014925373	0.17292786985289404
310 Telemark	4451.225798617075,3565.9355208052175	0.20902294280626463
311 Oslo	4839.471739326649,3602.5305647143277	-0.09521681768331093
312 Hamar	4895.182657243398,3253.1305265103397	0.04874185130993159
313 Oppland	4573.539607277563,3134.6302276800334	0.3752708228559573
314 Buskerund	4520.059203625122,3385.0524797526855	-0.04542327942157702
315 Bergen	4281.393256638857,3414.217436622406	-0.5609821543603027
316 Fjordane	4218.864765024884,3000.828524626744	0.06656816377582381
317 Bismo	4487.2991322320595,2949.8779028809367	0.05627853628876196
318 Heldmark	4794.7143536121675,2925.3365019011408	-0.08599429119424074
319 Trondheim	4501.020512557081,2707.876842909815	-0.029451383625283923
320 Trondelag	4867.615921288014,2333.4089445438285	0.2377382425891476
321 Nordland	5228.142307692307,1582.152403846154	0.07497656106224437
322 Tromso	5534.30029914347,933.6278107395462	0.020631992600216278
323 Finnmark	6071.053023598389,584.8312003383364	-0.017424509805210885
324 Lappi	6090.494269462181,965.497492008427	0.14531001063570215
325 Tanhua	6450.860759493671,1291.6993670886077	0.07130746478529033
326 Rovaniemi	6304.255681818182,1579.5980113636363	0.03736577780278333
327 Kuusamo	6682.151727861771,1929.4260259179266	-0.18255985313090678
328 Oulu	6454.842436480782,1949.1509880958808	1.265299608806045
329 Vaasa	6187.343897354953,2558.320680576822	0.1745073185480685
330 Jyvaskyla	6515.374309392265,2603.8190607734805	0.2808377246212029
331 Kuopio	6681.04253283225,2394.0608978866803	0.1869792699189111
332 Lieksa	6996.144297044497,2324.927850461698	-0.03781979583141688
333 Joensuu	7133.18189189039,2566.5792763711615	-0.6473921397399289
334 Mikkeli	6791.469507528342,2731.0336182540173	0.05708078240626461
335 Lappeenranta	6865.816460055096,2980.2434573002756	-0.5445517081560368
336 Helsinki	6567.435644322538,3160.3627181558845	-0.008031955789581624
337 Tampere	6458.243774728345,2943.67668820242	-0.19424099618140392
338 Turku	6240.461224058668,3041.1530973673875	0.13283385865845565
339 Aland	6018.109493914273,3295.0600280879685	0.21336864215180798
340 Gotland	5921.180113636364,4049.6017045454546	-0.3361380507855679
341 Schleswig	4596.3275,4727.2300000000005	0.08018484730131624
342 Flensburg	4626.001045627377,4849.483174904943	0.062067068891926605
343 Kiel	4724.791463792254,4942.933005121715	0.12486992755995127
344 Bremen	4563.172727272728,5181.640909090909	0.05549850524571683
345 Oldenburg	4451.013075742401,5165.912494264385	0.9218007677983957
346 Emden	4355.721951219512,5188.804878048781	-0.10673567264913564
347 Osnabruck	4418.233540925267,5414.854982206406	-0.04164257909858843
348 Verden	4560.248413914948,5368.090379569264	-0.4398425828157362
349 Paderborn	4490.703466161266,5622.659879807103	0.03844259002118798
350 Munster	4295.960344827586,5574.18448275862	-0.26664374517476325
351 Dusseldorf	4319.361111111111,5779.361111111111	0.27829965900511133
352 Cologne	4240.361888111888,5772.477272727273	-0.15264932839526515
353 Aachen	4135.151195743505,5797.361637996525	0.42419440790376667
354 Coblenz	4278.457627118644,5924.8983050847455	0.27829965900511133
355 Trier	4156.197469342816,6030.3569788278655	-0.05875582271572269
356 Mainz	4337.351279200262,6071.915906559161	0.3028848683749714
357 Saarland	4202.954183266932,6191.366533864541	0.12435499454676145
358 Landau	4433.688607594937,6199.556962025316	0.19739555984988078
359 Darmstadt	4473.351243339254,6082.193161634103	0.17985349979247828
360 Frankfurt	4512.545323741007,6017.885611510792	-0.17219081452293902
361 Wiesbaden	4411.673163841808,5918.960734463277	0.25389373154033834
362 Kassel	4662.940137702706,5755.628498344619	-0.13706617431018764
363 Gottingen	4715.6975896745835,5622.314461952497	0.16514867741462685
364 Detmold	4600.356187505151,5539.035744807547	-0.31362065221669827
365 Hanover	4689.68269599434,5420.853732418423	-0.09165425213652181
366 Luneburg	4848.625553483956,5315.098869726589	-0.1076898708328207
367 Lubeck	4857.438340619235,5048.239912569181	0.08314123188844123
368 Rostock	5044.955185432109,5005.202123950599	0.5133990510833194
369 Stralsund	5160.850569259962,4967.423434535104	0.021425292448534566
370 Greifswald	5258.809359220916,5062.053661594765	0.17324566645236494
371 Neustrelitz	5163.74120603015,5133.474874371859	0.23109066719589708
372 Uckermark	5287.208818635607,5206.551830282861	0.12173548514866724
373 Berlin	5346.265957446809,5401.521276595745	-0.05875582271572269
374 Prignitz	5092.1374562660785,5263.5876312017635	0.3217505543966422
375 Altmark	4968.540321256671,5338.5910213904535	0.17324566645236494
376 Potsdam	5158.56455979827,5409.274040706053	0.27829965900511133
377 Cottbus	5427.579113924051,5591.984177215189	-0.26060239174734096
378 Lubben	5329.793524670537,5624.675538767988	-0.5667292175235064
379 Wittenberg	5198.527918781726,5581.302030456853	0.03997868712329004
380 Magdeburg	4990.952013314016,5469.4968717807715	0.028838156871118882
381 Halle	4959.425279886475,5671.201119545903	-0.24497866312686414
382 Erfurt	4813.250184695434,5737.753416865528	-0.0540015003759683
383 Gotha	4789.016163472118,5868.3282229274055	0.07063699891190213
384 Weimar	4978.310594507092,5848.79535056383	-0.11065722117389563
385 Chemnitz	5123.234492415429,5894.036411904884	-0.009049526713783243
386 Leipzig	5149.526174075834,5731.271649976236	0.07393903765794034
387 Dresden	5297.317895239557,5828.034705361256	-0.3416154906478072
388 Bautzen	5465.723568384455,5710.13628601764	-0.2705703443321149
389 Stolp	5766.943725149141,4856.7604364879735	0.14631528800503021
390 Kolberg	5589.986305366367,4987.538200820136	0.34421868298246766
391 Stettin	5457.796230783118,5084.263119712125	-0.2516899717581868
392 Holstein	4702.563163822759,5042.163126278621	0.18534794999569476
393 Stargard	5473.567073170731,5185.003048780488	-0.13255153229667402
394 Neumark	5589.770354906054,5221.279227557411	-0.03844259002118799
395 Sternberg	5505.997153700189,5354.474383301707	-0.11065722117389565
396 Glogau	5550.771978216244,5557.407637483321	0.03983399026422175
397 Liegnitz	5612.704970228832,5733.731309931375	0.022723360841641067
398 Breslau	5817.339263254712,5642.8792141727345	0.23624526071843754
399 Schweidnitz	5804.043103448276,5842.746551724138	-0.0062499186216989615
400 Kattowitz	6115.212476547842,5841.611163227017	-0.2639637236257046
401 Halberstadt	4891.0462962962965,5581.884027777777	-0.19156132032912623
402 Dithmarschen	4605.546731571627,4947.532684283728	0.5755698516377927
403 Hamburg	4726.757911392405,5132.011075949367	0.44237422297674495
404 Dortmund	4331.7415254237285,5694.670903954802	-0.10673567264913564
405 Ratibor	5995.349897147141,5899.702108483606	0.04874185130993159
406 Offenbach	4607.516759776537,5939.826815642458	0.0964737751825869
407 Marburg	4558.497351694915,5789.536016949152	0.310998280605541
408 Cuxhaven	4638.245219885277,5162.709369024857	-0.11710874456686429
409 Meppen	4307.359620485807,5353.1999810527195	0.2629947316809195
410 Minden	4518.749896081797,5493.749168654375	-0.12435499454676144
411 Cleves	4156.124393892435,5611.584949620172	0.35877067027057225
412 Zweibrucken	4336.352985074627,6223.615671641791	-0.3366748193867272
413 Brunswick	4758.474503912599,5534.386629831137	-0.2644883825492325
414 Celle	4712.636873338444,5279.195580137987	-0.03702011587393003
415 Lauenburg	4830.393793706294,5138.921328671328	0.4124104415973873
416 Schwerin	4940.150317796611,5135.139194915255	0.43011720366031214
417 Lutzen	5063.528169014085,5710.627464788732	0.896055384571344
418 Meissen	5274.826312987456,5690.325273245158	0.27094685033842053
419 Dessau	5076.553443049152,5560.693473364075	0.2053953891897674
420 Westfalen	4440.724347014925,5767.616604477612	-0.18998828791871572
421 Slezsko	6054.325584348262,6119.668699144378	-0.031239833430268277
422 Olomouc	5946.565265486725,6058.21128318584	-0.43662715981354133
423 Brno	5796.917944682247,6246.051382943816	0.03997868712329004
424 Hradec Kralove	5607.3250287687,5907.6653049482165	0.08964671632148652
425 Liberec	5384.591449134235,5873.793435683655	-0.12010873556691289
426 Bayreuth	5004.466067864271,5991.788423153693	0.11710874456686429
427 Prague	5419.670589974725,5993.536747746434	0.10220671810725353
428 Budejovice	5526.889240506329,6259.420886075949	0.4002406570339741
429 Klatovy	5338.230337078651,6176.297752808989	0.14888994760949725
430 Plzen	5222.797208981038,6045.709915947782	-0.04914073441602018
431 Bamberg	4893.752959259466,6033.86464259187	0.27829965900511133
432 Aschaffenburg	4630.002873563219,6072.108237547893	-0.11487660541689912
433 Nuremberg	4965.3743567753,6143.702830188679	0.223476601140633
434 Regensburg	5080.816200657895,6273.3261513157895	0.25436805855326594
435 Straubing	5229.986486486487,6310.094594594595	0.1418970546041639
436 Rosenheim	5105.782065506202,6580.616894042837	0.27032534637866645
437 Ingolstadt	4988.1150088809945,6382.159413854351	-0.2247111684146427
438 Munich	4986.10115074758,6487.159516693079	0.056120782701176444
439 Memmingen	4824.8279932546375,6519.483979763912	-0.3217505543966422
440 Augsburg	4846.983204174291,6409.251937385636	0.06656816377582381
441 Heilbronn	4603.9797430163735,6299.679100557308	-0.27829965900511133
442 Heidelberg	4552.3477452262705,6205.901324875838	-0.09495170634275632
443 Karlsruhe	4418.704714445038,6388.387715560301	-0.12435499454676144
444 Stuttgart	4707.757677543186,6384.3056621881	-0.13706617431018764
445 Ulm	4648.367559547956,6596.783163389491	-0.1920480172407301
446 Freiburg	4380.71085990814,6580.533765665986	0.13706617431018764
447 Tubingen	4580.226726380474,6426.365985277817	-0.060532019782107135
448 Geneva	4128.135699265478,6934.235909548787	0.07677189126977804
449 Zermatt	4246.432816957748,7024.421830422511	0.09966865249116202
450 Lucerne	4380.187008917426,6886.820848403759	0.05875582271572269
451 Bern	4188.469450862784,6841.468787724835	-0.4909845472586305
452 Locarno	4536.746405472181,7009.87940300148	0.02777063659342104
453 Chur	4696.794674175498,6878.812426923838	0.4048917862850834
454 Vorarlberg	4743.82,6763.14	0.23109066719589708
455 Innsbruck	4912.009673925377,6783.758151865574	0.03997868712329004
456 Tirol	5108.325901429319,6700.8523570430425	0.24698871067105696
457 Karnten	5188.663564392189,6821.302524627337	0.2782996590051114
458 Salzburg	5323.0497952767555,6691.746929151336	-0.06656816377582381
459 Linz	5345.966050536188,6502.282912198432	0.11942892601833845
460 St. Polten	5647.527397260274,6462.6506849315065	-0.17985349979247828
461 Vienna	5776.534041699417,6423.958152897862	-0.2662520491509254
462 Graz	5712.577279438662,6739.240857636923	0.12970253715591212
463 Steierland	5481.601351351352,6724.0472972972975	-0.20846521837998772
464 Klagenfurt	5446.013349514563,6850.868932038835	0.13909594148207133
465 Wurzburg	4762.983552631579,6058.4046052631575	-0.17073521147528278
466 Oberpfalz	5084.508720930233,6166.639534883721	-0.06241880999595735
467 Zurich	4550.600541980422,6740.510839608446	-0.04995839572194276
468 Pardubice	5526.740999581362,6100.891994976344	-0.08314123188844123
469 Svitavy	5749.938077175222,6090.607210592918	0.26060239174734096
470 Eisenstadt	5769.953963109275,6537.078664033051	0.05549850524571683
471 Basel	4363.363966870244,6688.003472789255	0.7095560719527042
472 Passau	5337.660129486116,6363.906892333227	0.04164257909858843
473 Landshut	5173.635546530135,6452.245546945234	0.07377888391171193
474 Ansbach	4804.8550730285815,6200.476365024358	0.4564144620896469
475 Starnberg	4962.477818853974,6639.785582255083	-0.10308160852270024
476 Kempten	4849.103448275862,6622.134482758621	0.5585993153435623
477 Schwarzwald	4469.729166666667,6542.833333333333	-0.12435499454676145
478 Sigmaringen	4621.407176287052,6539.002340093603	0.6857295109062863
479 Danzig	6074.380980291788,4856.929825953409	0.38831871817246605
480 Marienburg	6144.156704922961,4904.264557534736	-0.031239833430268277
481 Ermland	6320.857860036586,4902.287742700344	0.22923193327699534
482 Eylau	6397.793600114803,4813.720310447806	0.17137912638950764
483 Konigsberg	6344.300773195876,4733.313659793814	0.22276009780014508
484 Gumbinnen	6468.907394366197,4652.690757042254	0.2910525907812059
485 Memelland	6404.730502495801,4464.430346755459	0.6556956262415361
486 Samogitia	6441.773952095808,4417.669161676647	-0.05708078240626461
487 Kaunas	6698.980161072685,4537.682577162972	-0.06241880999595735
488 Alytus	6697.472736983516,4713.09978636264	0.04542327942157701
489 Vilnius	6913.065468563482,4650.5408778104575	-0.16859693960942962
490 Utena	6993.6194773032375,4437.063797670437	-0.20095426368809702
491 Panevezys	6851.516359749615,4347.904418597006	-0.43885929896350645
492 Siauliai	6631.915037526677,4351.532405288114	-0.092329334731599
493 Gdingen	5948.9375,4875.25	-0.12435499454676144
494 Kurland	6364.827197695476,4215.777610370358	0.21866894587394195
495 Talsi	6409.933808094393,4082.4207827785644	-0.13072433516542462
496 Semigallia	6716.135267862723,4111.834988826034	0.39852244566642026
497 Riga	6734.48177906198,4057.9735538248524	-0.017749615056497615
498 Kraslava	7133.259900990099,4170.685643564357	-0.022723360841641067
499 Latgale	6924.992076386495,4000.114487956841	-0.18711842939477316
500 Vidzeme	6790.243862712017,3864.5814135510823	0.018516402068009044
501 Ugandi	6960.765407926252,3668.9549339478986	0.11942892601833845
502 Narva	6849.467080410184,3421.148857708634	-0.09347678115858947
503 Tallinn	6593.592165320161,3540.5316726759515	-0.061776961560349605
504 Sakala	6758.94436997319,3671.3250670241287	0.07485984771076686
505 Saaremaa	6406.989903846154,3727.5514423076925	0.19379845306233687
506 Pomerelia	5872.495192307692,5027.6057692307695	0.04542327942157701
507 Bydgoszcz	5739.752358490566,5180.655660377359	0.024994793618920156
508 Torun	5935.209594373163,5203.736827666398	0.5010133868035894
509 Gniezno	5822.887727122528,5364.949291560813	-0.10931853388790005
510 Poznan	5649.070242942289,5399.942341318985	0.2401710078601731
511 Kalisz	5948.293346341249,5447.7385259684925	1.312025434831199
512 Kutno	6036.758659537836,5442.538928137802	-0.038941343097039255
513 Plock	6147.532124924607,5269.805814422527	0.039195601927054714
514 Chelmno	6078.299023860624,5126.208616532707	-0.372987721800061
515 Osterode	6199.255768731082,4994.984667243968	0.19352710719345378
516 Angerburg	6452.30912712988,4979.104762779282	-0.16514867741462685
517 Rajgrod	6734.883802816901,4891.975352112676	0.05875582271572269
518 Wizna	6522.612534493664,5067.653344755925	0.1510153429213594
519 Mielnik	6729.025773195876,5130.23969072165	0.07485984771076686
520 Drohiczyn	6375.822625698324,5182.459497206704	0.24497866312686414
521 Siedlce	6572.80211585828,5374.934559018571	-0.06114816264930121
522 Warsaw	6370.304921671424,5404.925938495259	0.20176234432028706
523 Lodz	6129.184662726429,5559.055219066435	-0.034469100999508014
524 Czestochowa	6215.282414307005,5725.997764530552	-0.08673833867598511
525 Kielce	6414.29705661665,5607.542796725819	-0.15935164090391687
526 Sandomierz	6436.616161616162,5729.04797979798	0.07982998571223732
527 Krakow	6299.806283630523,5893.4986547790895	0.024994793618920156
528 Nowy Sacz	6243.224917368937,5999.931994915299	0.1866561159472871
529 Sanok	6720.669604778758,5957.329103864325	0.1607627406258347
530 Gorlice-Tarnow	6525.317412333737,5954.848246674728	-0.04995839572194276
531 Lublin	6681.12683424698,5619.680346436776	0.25100268664303466
532 Chelm	6793.528322767739,5419.415031696783	0.3217505543966422
533 Brest	6895.369349503613,5256.635611913292	0.04164257909858843
534 Kovel	6999.81864779513,5466.35550218538	-0.5172873803276212
535 Tarnobrzeg	6882.97811993517,5688.008914100486	-0.3366748193867272
536 Lwow	6995.944112733059,5822.70079856187	0.07751428163079177
537 Tarnopol	6955.335051546392,6034.943298969072	0.11379200714370806
538 Podhajce	7258.369659365096,5978.761497025649	0.06564946858182623
539 Rowne	7209.126868423238,5734.1679276452405	-0.1586552621864014
540 Luck	7172.838576194833,5522.237582506282	0.12970253715591212
541 Kielce	6885.0997869627445,4965.057232640847	-0.19118445959701447
542 Przemsyl	6652.310191720127,5802.492973294125	0.03132877766200028
543 Bratislava	5990.128048780488,6364.1036585365855	0.1418970546041639
544 Nitra	6077.51394380882,6490.153381897016	-0.09065988720074511
545 Trencin	6057.00932874285,6280.7688450913965	-0.20963984587421253
546 Zilina	6255.276660668889,6198.225912597531	-0.4228539261329407
547 Banska Bystrica	6230.889965397924,6367.018685121107	-0.16820677185708613
548 Kosice	6626.43462886581,6191.669964948894	0.36717383381821916
549 Presov	6513.597553824387,6144.5486303121315	-0.0475831032769834
550 Mukacevo	6877.716292134832,6254.077247191011	-0.1927007586623856
551 Khust	7068.970237940283,6286.6607203289495	0.02563540852167748
552 Gyor	5926.1149101956835,6606.719671164033	-0.0317353735284579
553 Vas	5921.294119043034,6787.0441427746155	-0.05549850524571683
554 Baranya	6109.688663837231,6969.3959490701545	-0.05549850524571683
555 Siofok	6134.760233301289,6833.55188238803	-0.033885329904117606
556 Tata	6151.212873596857,6636.996164958598	0.2347226124851971
557 Budapest	6339.325163398693,6593.15522875817	-0.29318689655788216
558 Zombor	6401.3703769076665,6801.0987436411115	0.2914567944778671
559 Szeged	6572.3120469555315,6782.270150410529	-0.0407936828678654
560 Debrecen	6621.309375,6597.31875	-0.05549850524571683
561 Miskolc	6540.159393451734,6410.870972746433	-0.13158814145792067
562 Szabolcs	6778.413261187524,6383.9336940623825	0.19739555984988078
563 Timisoara	6673.558677542533,6951.33522793006	0.2148154004016586
564 Cluj	6894.744531468765,6583.807813520902	-0.21109333322274657
565 Maramures	7016.801507537689,6393.93216080402	0.18998828791871572
566 Sighisoara	7137.56997878907,6731.135413613146	0.05123716740341881
567 Bistrita	7196.94754608859,6517.910737417439	-0.06241880999595736
568 Brasov	7493.3657026634755,6816.119837288661	-0.07130746478529032
569 Hunedoara	6940.701188455008,7008.114601018676	-0.21243202050874213
570 Caransebes	6903.30412371134,7188.471649484536	-0.18822150530477078
571 Halicz	7165.044808286303,6181.231150282181	0.16514867741462685
572 Chernivtsi	7357.993421052632,6220.835526315789	-0.03997868712329004
573 Bukovina	7406.977366375279,6384.5658406180055	0.03997868712329004
574 Suceava	7563.238105323542,6322.411001720961	-0.03507333053322537
575 Iasi	7565.348630377593,6482.330131692966	0.04542327942157701
576 Bacau	7686.652518503857,6671.374691602379	0.05992815512120788
577 Barlad	7916.575857519789,6659.252638522427	0.08673833867598511
578 Balti	7759.915495491896,6220.2535135243115	0.3217505543966422
579 Ribnita	7847.070006078108,6144.264164460653	0.13118665598315607
580 Chisinau	8015.106331936413,6441.9745362536005	-0.25255427577805956
581 Cahul	8034.62054902318,6628.428784370873	-0.06241880999595735
582 Izmail	8176.524410457843,6640.060611758821	0.05549850524571683
583 Tulcea	8115.361034601224,6865.096208466211	-0.07532889082834011
584 Constanta	8085.098259018888,7023.959210086098	0.8537845069879519
585 Galati	7929.092837651037,6959.421248272099	-0.1076898708328207
586 Muntenia	7787.940121925319,7129.1864021411675	-0.08673833867598511
587 Targoviste	7521.282085561497,7022.963903743315	0.0407936828678654
588 Pitesti	7252.753399429414,7089.216572277435	0.10134650326566776
589 Bucharest	7537.39210981931,7244.059814139701	-0.11425432796143954
590 Craiova	7280.530222600177,7301.815913973742	0.13944005709133775
591 Oltenia	7096.986607142857,7180.142857142857	0.2213144423477913
592 Deva	6827.910609408794,6798.864445836306	-0.06442683942555355
593 Sibiu	7197.814423451604,6933.617950050146	-0.2741674511196588
594 Lucenec	6411.85225722194,6299.165328128256	-0.09217503755646181
595 Miercurea	7391.761948529412,6609.080882352941	0.017855245139552514
596 Buzau	7677.108053948221,6927.559812160181	0.07827114052127797
597 Gorizia	5427.531860479554,7020.613372002789	0.1586552621864014
598 Kranj	5543.977940540137,6977.580870262602	-0.05258306161094172
599 Velenje	5735.508118238579,6878.620821923855	0.3529903878269104
600 Ljubljana	5608.394189550802,7104.454969018721	-0.12832322768579477
601 Trieste	5490.763978289272,7187.156899479008	-0.901157381118259
602 Osijek	6252.068754305894,7134.103045340969	0.0540015003759683
603 Sisak	5976.916806381856,7106.614050669173	0.25651661264432357
604 Zagreb	5854.8328816844605,7060.0088100924895	-0.5761967766244839
605 Karlovac	5796.5097087378645,7170.733009708738	-0.04164257909858843
606 Rijeka	5712.26333931487,7297.298030505838	-0.1936219928559454
607 Istria	5476.046353971079,7272.396266624398	-0.2595004638186891
608 Zadar	5790.551839475652,7502.332130807961	0.10257985241829469
609 Split	5971.571716965525,7608.774497833495	0.5540923036074983
610 Dubrovnik	6267.033002959749,7766.904350166306	0.40122879900484876
611 Trebinje	6174.205246369158,7630.856227092683	0.19118445959701447
612 Bugojno	6050.787994858925,7509.699978578857	-0.23554498072086333
613 Bihac	5869.284307237657,7357.089899557598	0.21109333322274657
614 Sarajevo	6290.314516129032,7513.459677419355	-0.03771795246686421
615 Banja Luka	6020.771685761048,7305.249590834697	-0.12970253715591212
616 Novi Sad	6435.898127753304,7117.735682819383	0.23255694180490902
617 Subotica	6528.811789563258,7005.765981754479	0.12697278961407893
618 Belgrade	6698.466185168287,7344.599146948387	-0.01408357582286019
619 Uzice	6505.3682026518445,7398.539034989951	0.23840598782210531
620 Nis	6841.427659923665,7604.164513255274	0.20138490038863766
621 Zajecar	7030.679423368411,7506.544980083329	-1.1938870564700754
622 Vranje	7054.322396203347,7777.141235135136	-0.7733505535432624
623 Novi Pazar	6605.745088003109,7645.343072020212	-0.15264932839526515
624 Pristina	6750.236000893947,7805.460177104645	0.18742911244367366
625 Kotor	6420.230291155212,7802.396712532158	-0.28379410920832787
626 Cetinje	6505.7683615819205,7889.54802259887	0.09065988720074511
627 Lezhe	6632.309115550332,8001.744793154357	-0.5763752205911836
628 Durres	6679.331251463765,8134.874970724704	0.04995839572194276
629 Vlore	6679.320160847022,8339.915403418869	-0.05051877672240472
630 Korce	6859.114598996008,8283.298538018633	0.21109333322274657
631 Sarande	6760.395161290323,8454.967741935483	0.07130746478529032
632 Bitola	6976.135975638158,8118.083275107144	0.18216831047276347
633 Skopje	6976.281761130657,7925.697877032026	0.36397895650964407
634 Strumica	7180.046774193548,7980.901612903225	0.446322609934134
635 Pernik	7218.749933979151,7792.624174739392	-0.07982998571223732
636 Sofia	7269.887966546071,7608.024903256087	0.03702011587393003
637 Vidin	7142.962126886271,7448.215998458776	-0.06340695196683198
638 Pleven	7517.177350427351,7524.650997150997	-0.31362065221669827
639 Tarnovo	7690.916666666667,7423.75	0.0475831032769834
640 Dobrich	7952.414827468285,7250.494349359328	-0.1513268693910324
641 Varna	7921.070979778644,7433.288909802678	-0.2881663486804251
642 Burgas	7951.570746294444,7594.706721833216	-0.004761868769161185
643 Sliven	7689.256877168904,7689.634807420861	0.05963071313116939
644 Plovdiv	7470.243670886076,7792.446202531645	-0.11710874456686428
645 Haskovo	7641.715538671392,7898.9688765515575	-0.04408905739807185
646 Komotini	7843.798472484881,7962.198880483798	0.031239833430268277
647 Kavala	7419.967551701875,8054.12931925004	0.0024999947916861977
648 Pella	7189.155724294446,8185.777405124202	-0.105852865551173
649 Salonika	7389.949970431975,8270.583550165518	0.13552771398550076
650 Kozani	6984.942469096868,8342.135637613495	-0.15660187698201536
651 Larissa	7308.389945652174,8480.849864130434	-0.3805063771123649
652 Thessaly	7022.670185790835,8510.546980898935	0.06146095588276595
653 Epirus	6895.542388889463,8621.400769842827	-0.3529903878269105
654 Lamia	7112.720297938502,8668.33493241648	0.08060492190162871
655 Lepanto	7076.249330987964,8798.940418997496	0.12283523887789498
656 Athens	7495.599180157708,8854.190161892497	-0.08314123188844123
657 Corinth	7392.119116084509,8942.701104894364	0.6747409422235527
658 Patras	7173.87440426948,9000.640638520395	-0.0635506714254573
659 Sparta	7363.358792145318,9213.013878566557	-0.18735023564939018
660 Edirne	8007.706224555911,7827.633031959813	-0.20857814255092663
661 Gallipoli	7998.024088129414,7964.420956341697	0.6740189206883698
662 Constantinople	8272.823400250942,7870.472082810539	-0.0890495826344978
663 Corfu	6757.628017365719,8571.885340102697	0.026309717252922193
664 Kefalonia	6966.807210626186,8927.588994307402	0.580002774207681
665 Crete	7831.451715363027,9542.625700677561	0.07900189713040302
666 Evia	7565.722022837052,8716.286172156388	0.34706160353949056
667 Naxos	8047.725251924596,9051.54193841295	0.031239833430268277
668 Lemnos	7816.263215258856,8322.581198910082	0.3868757177310281
669 Pancevo	6616.175118418949,7218.197748339744	-0.1347712844777311
670 Kragujevac	6752.976583359343,7477.36938838604	0.05167808448243
671 Ohrid	6902.777016957531,8165.117116949292	-1.5541312030809595
672 Blagovegrad	7326.996771879483,7933.73350071736	0.07006058263845544
673 Pjlevlja	6542.575469130483,7722.19319610385	0.09734757348722367
674 Brcko	6276.438241579507,7315.184600464233	-0.14981245657289735
675 Rhodes	8596.865941173728,9168.829158207916	-0.36895954620585647
676 Lesvos	8021.356599787682,8471.580411889792	0.017855245139552518
677 Uskudar	8574.444986389053,7854.637885668044	-0.11848995915813776
678 Bursa	8597.496827082234,8011.920239842726	-0.05968996536787199
679 Canakkale	8095.362157534247,8273.91044520548	0.03677271360287674
680 Izmir	8246.673118929399,8630.720139651026	0.03002100785716893
681 Bodrum	8407.092943928163,8833.784485917933	0.04618561965887765
682 Denizli	8585.037180340105,8570.459505593497	0.04678856983540371
683 Balikesir	8468.24358974359,8417.461538461539	-0.16514867741462685
684 Bandirma	8393.524703557312,8189.667984189723	-0.14601225771127538
685 Usak	8655.553002560388,8312.413447512052	0.04874185130993159
686 Eskisehir	8811.277022274204,8049.672081235333	-0.2676163047847618
687 Kutafya	9031.484304932736,8293.775784753363	-0.2662520491509254
688 Isparta	8910.497097179574,8476.520319742987	0.1418970546041639
689 Burdur	8875.94568349656,8684.550288168351	-0.10827059086045604
690 Fethiye	8865.45525848982,8910.006959866309	0.20846521837998772
691 Antalya	9077.331576003366,8707.911145832173	0.23624526071843754
692 Konya	9278.657682626064,8555.240924598405	-0.36120375549368167
693 Tuz	9231.07634452886,8211.485073670467	0.06340695196683198
694 Ankara	9119.229484114925,7988.604048414887	0.015150355874769811
695 Karabuk	9225.721177075524,7668.208232672733	0.22679884805388587
696 Zonguldak	9095.314655172413,7555.709482758621	-0.0781016777199854
697 Kastamonu	9336.566865417377,7482.1920783645655	0.2006528773198866
698 Yozgat	9419.798128342247,7880.450534759359	0.03702011587393003
699 Kayseri	9474.912474075672,8132.318918508128	0.15264932839526515
700 Cumra	9395.07957606982,8403.38412737896	-0.050589708769384636
701 Karaman	9455.982793522267,8632.533400809716	0.03224688243525392
702 Alanya	9366.292371283516,8794.56428933844	-0.01360460277777528
703 Mersin	9726.81095270759,8582.478935781668	0.16619470213772036
704 Adana	9923.219558545223,8501.882546422074	-0.10673567264913564
705 Tarsus	9787.059702360659,8419.38433031148	-0.4182243295792291
706 Kahramanmaras	9928.753213077789,8217.700901916573	-0.16680293562440313
707 Elbistan	9854.164335664336,8029.185314685315	0.12435499454676144
708 Sivas	9692.649652940387,7846.690282330822	-0.03569911267932397
709 Samsun	9691.140866376256,7514.002272137227	0.2758058985885225
710 Sinop	9562.446413928488,7400.369262382173	0.06807645825799948
711 Giresun	10002.531817273091,7473.3908836465425	-0.03569911267932397
712 Erzincan	9950.55223880597,7750.589552238806	-0.024994793618920156
713 Tunceli	10201.749179337578,7916.424599736753	0.10308160852270024
714 Adiyaman	10329.467505668114,8129.520318790615	-0.22581168154335537
715 Gaziantep	10180.648346303502,8257.931906614785	0.5095922648089258
716 Kilis	10287.213821173902,8400.210569391213	-0.12435499454676144
717 Ayvalik	8265.764084507042,8403.301643192488	0.23255694180490902
718 Iskenderun	10194.508432708688,8558.927172061329	0.2942345651111878
719 Marmaris	8626.261454183266,8856.799800796813	-0.02083032003621708
720 Duzce	8957.972626057564,7776.793844330611	0.034469100999508014
721 Sanliurfa	10640.964912280702,8157.409356725147	0.08550529367820464
722 Diyarbakir	10830.146826758148,7872.132933104632	-0.2136213162810218
723 Elazig	10460.761621083158,7772.810517659676	0.12914729012802006
724 Erzurum	10724.42363238512,7531.645623632386	-0.12983868419387282
725 Erzincan	10254.703105456318,7543.031367262091	0.16514867741462685
726 Trebizond	10302.985633674278,7366.501459323432	-0.06601961747867681
727 Rize	10613.38027610838,7253.821692365614	-0.0066224197426678275
728 Artvin	10819.722262766922,7153.112982292146	0.3446473156180262
729 Batumi	10806.97061281337,6951.872562674094	0.23715759354982557
730 Kutaisi	10863.15656424581,6679.2752793296095	-0.07369181887434884
731 Gali	10679.646733337382,6655.3961481391525	0.4228539261329407
732 Abkhazia	10436.910086773083,6654.166708326699	-0.3308530338118463
733 Sochi	10175.431694153554,6566.428171025682	-0.005681757040847447
734 Limassol	9781.093103448275,9014.948275862069	0.23923159996366058
735 Nicosia	9584.905329740162,9153.871300375278	-0.10859366652969353
736 Sevastopol	9034.693279569894,6711.012365591398	-0.343879738243442
737 Feodosia	9112.236281516185,6586.421118718066	-0.17219081452293902
738 Yevpatoriya	8852.920444840076,6555.876151144954	0.12392910019431765
739 Dzhankoy	8990.767296428923,6462.25607701058	-0.21018258666216955
740 Kerc	9314.627731931292,6487.284876214491	-0.3547056520109403
741 Odessa	8304.146226161443,6355.218435764477	-0.07571703934035211
742 Shryajeve	8184.781609195402,6248.334770114942	-0.3569119363516705
743 Mykolaiv	8462.725646123261,6108.102982107356	0.14676319624346348
744 Kherson	8650.425548259718,6217.127741298592	-0.19739555984988078
745 Tendrivska	8749.60794218752,6330.547667182058	0.003690020152200389
746 Melitopol	8905.068725099602,6170.664342629482	-0.10308160852270024
747 Berdyansk	9056.9198607864,5990.114721899765	0.0999231701746456
748 Mariupol	9299.594142259415,5846.249476987447	-0.22560124383602398
749 Donetsk	9409.441985645934,5577.241626794258	-0.03844259002118798
750 Dnipro	8888.903890294914,5656.957654047599	0.011363147264290729
751 Nikopol	8678.76445943291,5936.180134896202	-0.11065722117389563
752 Kirovohrad	8296.105883509003,5957.624742089452	-0.1575378307132599
753 Voznesensk	8045.33686440678,6096.207627118644	-0.26171350240120506
754 Sharhorod	7819.151245551601,6008.8118327402135	-0.1048769387302339
755 Chernivtsi	7556.457236842105,5992.832236842105	-0.24958692543698463
756 Khmelnytskyi	7477.527854195323,5735.818088033013	0.05627853628876196
757 Vinnytsia	7808.53765963733,5846.444590348152	-0.0918461262647375
758 Uman	8101.996037940098,5749.423535233797	0.08145204430587098
759 Zhytomyr	7737.4879807692305,5575.15625	0.07677189126977803
760 Rivne	7391.423009563498,5441.230095634987	-0.09966865249116202
761 Korosten	7588.7734375,5399.640625	-0.02630971725292219
762 Chernobyl	7831.527877697842,5334.719424460432	0.03569911267932397
763 Kiev	8088.36237914368,5437.442265195518	-0.015623728620476831
764 Chernihiv	8119.551372672322,5026.5775425563015	0.17526637600308098
765 Poltava	8391.882352941177,5305.470588235294	0.018179815072978278
766 Cherkasy	8398.365853658537,5601.076219512195	0.08490179344972196
767 Kharkov	8904.21517291229,5383.410902923649	0.029991004856877897
768 Luhansk	9330.59751471407,5292.152244705205	0.18948015788114733
769 Pinsk	7246.819131913063,5247.445054063976	-0.4695999196553977
770 Turow	7559.26117323475,5139.93994499074	-0.05875582271572269
771 Mazyr	7804.577941713402,5113.931256845872	-0.07827114052127797
772 Novorossiysk	9613.64514887684,6430.659384291276	-0.020158559284127634
773 Krasnodar	10050.307291666666,6363.45703125	-0.24207169457111896
774 Armavir	10389.958988764045,6445.2477528089885	0.01492426499008499
775 Pyatigorsk	10725.312412587413,6433.909965034965	-0.2193432546051867
776 Volgodonsk	10798.329326923076,6040.9651442307695	0.04441521524691084
777 Stavropol	10263.884593877778,6123.097057133305	0.023805026185069945
778 Timashevsk	9727.451302083335,6159.52578125	-0.03302102588424479
779 Rostov	9728.085835584683,5901.403869163169	0.04735792877054367
780 Taganrog	9616.85458279205,5689.779806443194	-0.4089078289509254
781 Salsk	9954.768542172604,5796.167518213712	-0.02777063659342104
782 Millerovo	9726.819078947368,5294.434210526316	0.21535769969773805
783 Volgograd	10194.843858131488,5397.372404844291	0.2082059495239874
784 Elista	10332.296897347096,5816.165070028386	0.20304521725346514
785 Chernoyarsky	10515.09676354029,5617.689233817701	-0.03771795246686421
786 Astrakhan	10770.835664335664,5585.931818181818	-0.15264932839526515
787 Pallasovka	10739.607907742999,5086.041186161449	0.3009202343604251
788 Kamyshin	10376.792338709678,5206.698588709677	-0.23923159996366056
789 Saratov	10494.701361395812,4799.330259760729	0.0688564893010446
790 Balashov	9878.279141104294,4921.745398773006	0.09804527729383923
791 Rossoh	9496.265495556656,4987.268300948605	0.28379410920832787
792 Valuyki	9184.085882352942,4960.532352941176	0.04995839572194276
793 Belogrod	8809.32581967213,5081.474897540984	-0.04392776707688983
794 Kursk	8677.209130570707,4894.809457779049	-0.1076898708328207
795 Livny	8887.727726363719,4693.73105303099	-0.11942892601833845
796 Voronezh	9386.856805062604,4575.702067999056	0.10894195698986579
797 Pichayevo	9719.00572519084,4643.041984732825	-0.13552771398550073
798 Serdobsk	10186.340440489124,4549.869201052918	-0.08063287594517382
799 Samara	10615.700865637154,4362.073823930363	0.011363147264290729
800 Kuznetsk	10324.228260869566,4158.228260869565	-0.23720679888364407
801 Penza	9709.774309490982,4235.382656580728	0.06608012086679271
802 Tambov	9255.664974619289,4301.982233502538	-0.09495170634275632
803 Saransk	9545.348591549297,3773.3697183098593	-0.10308160852270024
804 Akneyevo	9843.366324459366,3934.8709696306773	0.0403820755644999
805 Ulyanovsk	9792.82867132867,3485.40472027972	0.1555948279770297
806 Tolyatti	10138.145803257003,3728.445366785259	0.032597145117952815
807 Buzuluk	10605.214162468239,3861.7156722323116	0.08865588186743746
808 Oktyabrsky	10698.69,3427.53	0.16037544397595074
809 Buguluma	10377.491573033707,3247.179775280899	-0.02630971725292219
810 Kazan	9907.198761290834,3140.0973290245224	0.06594198978127025
811 Litovsk	7115.7084674661,5065.897375860149	-0.08673833867598511
812 Grodno	7057.001306573248,4790.211434658943	-0.18742911244367366
813 Minsk	7334.766713481276,4884.3892790106365	-0.11942892601833845
814 Babruysk	7608.1760563380285,4817.830985915493	0.37170895011858496
815 Gomel	7887.193187062875,4882.938885708456	0.14981245657289735
816 Mogilev	7793.078273239907,4646.99542856342	-0.04570619152266724
817 Orsha	7425.960200521689,4589.5908020867555	-0.24497866312686417
818 Smarhon	7199.840809628009,4480.886761487965	0.24497866312686414
819 Polotsk	7319.096095563399,4238.80079636166	-0.11942892601833845
820 Viciebsk	7574.318739473786,4224.569736089326	0.11242713083019013
821 Opochka	7532.798214478054,3933.0047082643164	-0.3868757177310281
822 Ostrov	7287.218130311615,3874.0651558073655	-0.17073521147528278
823 Pskov	7062.242845343204,3510.0295402051843	0.4351855462038585
824 Klintsy	8138.272727272727,4829.272727272727	-0.23684876094692023
825 Navyla	8430.67619764265,4766.011616922949	-0.23737424697317083
826 Roslavl	8073.040100222344,4504.481893475668	0.15323941487280213
827 Bryansk	8378.66349168521,4397.32130391516	0.5224034317165288
828 Oryol	8688.82735771965,4480.244349644547	0.07677189126977804
829 Murom	8836.337444208686,4367.497376893031	0.036128850512775534
830 Smolensk	7903.819155111428,4314.086063970183	0.1541081165654265
831 Yartsevo	7965.84318642964,4120.823644592087	0.02104952213704643
832 Vyazma	8394.90057336443,4053.4752940131266	0.1998286450729902
833 Ryazan	8810.098698131864,4114.13494034796	-0.19118445959701444
834 Tuma	9226.919602195205,3973.6308078051743	-0.2741674511196588
835 Vladimir	8860.10844097602,3742.165590239799	0.09966865249116202
836 Moscow	8490.12723344646,3771.8730979204233	0.26741079718387356
837 Tver	8156.041138782352,3625.418766139211	-0.0447462314546156
838 Rzhev	7872.251690708217,3759.390693804359	0.25962962940825757
839 Velikiye Luki	7697.70035971223,3951.8521582733815	0.14955973987370316
840 Luga	7453.07260831318,3668.745638149943	-0.027265968455594463
841 Novgorod	7830.479885057472,3378.603448275862	0.1920480172407301
842 Gatchina	7622.886801368098,3281.0167493722797	-0.335967605926131
843 Ustyuzhna	8208.917262969588,3087.50313059034	0.13335025417155247
844 Breytovo	8278.332317073171,3335.640243902439	0.14601225771127538
845 Yaroslavl	8577.95054446461,3161.089382940109	0.2947301052093774
846 Ivanovo	9032.69055944056,3382.2814685314684	0.12283523887789499
847 Dzerzhinsk	9364.625,3551.2236842105262	0.3503142122354022
848 Nizhny Novgorod	9490.28286637931,3164.814655172414	-0.024994793618920156
849 Yoshkar-Ola	9532.186646433991,2776.3232169954476	-0.17219081452293902
850 Kineshma	9169.41304347826,2823.108695652174	0.0540015003759683
851 Kostroma	8891.34827806134,3099.571323798336	-0.11909188524916606
852 Dubna	8578.523452514284,3516.5698897599946	-0.15188245737995104
853 Cherepovets	8532.955015923568,2823.797770700637	0.06933313368820859
854 Vologda	8723.054154305717,2576.6038575402686	0.11444030527006344
855 Syamzha	8889.632851985523,2375.070036101335	0.1418970546041639
856 Totma	9357.64675121703,2402.0041904177688	-0.11629529572242259
857 Kargopol	8422.136700223902,2216.3635160463396	-0.013952582897227457
858 Solza	8239.39346578846,2526.3792640577108	0.0447462314546156
859 Belozersk	8074.801626237515,2833.4130099001227	-0.12435499454676144
860 Bereznik	8500.149418008941,1917.2665778925807	-0.16845627284991288
861 Kholmogory	8184.645454545455,1669.2329545454545	-0.035762920744576834
862 Archangelsk	8042.498901903367,1270.829355783309	-0.0845803386481565
863 Sverodvinsk	7759.029387908168,1610.3798167335337	0.11145828909333227
864 Onega	7920.891974424307,1883.2808951492755	0.028563657838759995
865 Mimy	8114.658620902647,1952.2103524952881	-0.02777063659342104
866 Pudozh	7942.7047376205655,2245.021574276608	0.16514867741462685
867 Vytegra	8024.959523077085,2612.904035986905	-0.5196817328348309
868 Kurba	7778.579243586919,2910.885990854195	0.23684876094692023
869 Volkhov	7558.813550051102,3015.623772957356	-0.11127034188186274
870 Slantsy	7219.286839653308,3392.7702287690827	-0.17162806838088
871 Ingria	7172.330636946685,3243.173003405014	0.1610919045375805
872 Neva	7356.464176005951,3074.2260066166145	-0.027465619064371748
873 Vyborg	7109.747972019954,2960.19814689524	0.18822150530477078
874 Priozersk	7171.571428571428,2800.75	-0.27829965900511133
875 Shyoltozero	7758.187306501548,2653.5650154798764	0.07677189126977804
876 Petrozavodsk	7635.175402073786,2685.7450076813766	-1.3839359346690534
877 Suoyarvi	7325.454787234043,2485.946808510638	-0.12010873556691289
878 Malenga	7701.718347639485,2011.5225321888413	0.017855245139552514
879 Kem	7327.304847692085,1946.3054700043408	0.05123716740341881
880 Muyerzerskiy	7165.541666666667,2079.8541666666665	0.10487693873023389
881 Sofporog	7005.960130718954,1662.9653594771244	-0.13200790636490436
882 Apatity	6811.201535614456,1237.0653561445577	-0.09966865249116201
883 Murmansk	6686.109289617486,760.7103825136612	0.08454375551299813
884 Kola	7333.639498372396,980.7412328898109	0.11460353060118549
885 Aleppo	10295.803937832654,8499.650120786388	0.07878396098914381
886 Homs	10327.409762397132,8741.061818189537	-0.056757157822093396
887 Latakia	10216.795746397669,8764.6670839176	1.1011964071394988
888 Damascus	10412.795362903225,8996.90625	0.2220819019054802
889 Byblos	10309.149202708268,9191.317385863958	-0.1043318311254628
890 Beirut	10272.267863220193,9489.633576425493	-0.8826513616490141
891 Daraa	10405.407434323477,9452.923337053599	0.4002406570339741
892 Haifa	10286.493232651363,9730.121616325681	-1.1071487177940904
893 Jerusalem	10233.0,9951.0	0.12435499454676145
894 West Bank	10346.777027027027,9876.93918918919	0.08673833867598511
895 Amman	10475.752005347593,9859.723930481283	0.07677189126977803
896 Mafraq	10792.935936895556,9603.139380560895	0.10827059086045604
897 Suwayda	10571.662234042553,9441.797872340425	0.042830932668727326
898 Palmyra	10733.086622807017,9103.029057017544	0.3569119363516705
899 Tabqah	10702.308333333334,8810.391666666666	-0.06186784586438003
900 Raqqa	10594.35912433216,8417.074527169187	0.4358769724073851
901 Sinai	10279.489025701047,10641.72929346009	-0.0520363148092162
902 Hasakah	10861.160199556542,8391.521618625276	-0.3120421215625333
903 Maan	10496.03703584514,10219.262227943327	0.2053953891897674
904 Eilat	10341.993688788363,10212.73641189018	0.12832322768579477
905 Arish	10017.114073641455,10155.810599644286	0.061272897586910506
906 Thamad	10180.535185185185,10366.456172839506	-0.2401710078601731
907 Zaranik	9845.015737077587,10355.519323560377	-0.030293759918775105
908 Tur	10086.729480865482,10619.304004072495	-0.0496828377239573
909 Zaafarana	10063.58113488145,10839.228577187143	0.11234545817437695
910 Beni Suef	9744.984435106064,10829.86037348717	0.2872814533971342
911 Faiyum	9389.588733702101,10921.195602603699	-0.20656027270395813
912 Giza	9378.786698826747,10668.466894765095	0.12891077168399145
913 Cairo	9624.882033567954,10601.368608121315	-0.15991312315821926
914 Benha	9487.860959551528,10482.137403604973	-0.10168885176307706
915 Suez	9763.352291921437,10537.485247248465	0.092329334731599
916 Ismailiyah	9687.70093457944,10409.227102803738	0.005405352760548868
917 Said	9590.596638705847,10298.399159176812	0.10308160852270024
918 Dumyat	9461.956896551725,10266.681034482759	-0.10673567264913564
919 Damanhur	9290.451263537907,10325.463898916967	-0.09065988720074511
920 Alexandria	9156.141258169935,10427.80547385621	0.029577171005243437
921 Tanta	9219.843796573818,10596.375186295269	-0.24497866312686414
922 Marsa Matruh	8694.336970474968,10587.370346598203	-0.017855245139552514
923 Salloum	8194.621993077084,10600.400346145841	0.01999733397315053
924 Tobruk	7594.169651196656,10600.445960042443	0.0177974733957767
925 Baida	7199.0314237540915,10408.081785674669	-0.009633613336287344
926 Benghazi	7035.509100642398,10598.199250535332	0.21192097631951373
927 Brega	6962.188413258283,10955.05740533443	-0.2774380854101398
928 Ras Lanuf	6357.0056793883405,10935.534721976983	0.016865870489258313
929 Sirte	5855.606426431629,10935.734274302022	-0.18534794999569476
930 Misurata	5741.644524028999,10678.289910809935	-0.16902033948533568
931 Tripoli	5437.1187179689705,10548.845145207335	0.21711131473490516
932 Zuwara	5121.4126096844975,10603.753895258991	-0.3265814346906185
933 Tabaqah	5267.002976044467,10901.52599078834	-0.11400729239334223
934 Dirj	4854.070380812782,10876.30610033347	0.027390408474862536
935 Tataouine	4605.492897727273,10735.88778409091	-0.06320683189746024
936 Kebili	4285.333339898326,10340.833044473671	0.022723360841641067
937 Kasserine	4439.863636363636,9883.757575757576	0.1080117247000463
938 Medenine	4767.281240135769,10435.987273927842	-0.19472319849367073
939 Gabes	4631.3253300248825,10235.425719246407	0.03300687620898079
940 Sfax	4770.95991978497,10021.74514201062	-0.32848769981696285
941 Sousse	4746.2016535128005,9775.682281024048	-0.012499349019361679
942 Tunis	4723.3980747720525,9589.339311193704	-0.4029846048720776
943 Bizerte	4420.583613823199,9574.879628082777	-0.060532019782107135
944 Toggourt	4022.6915322580644,10756.077116935483	0.03198908403931511
945 Biskra	3770.2774263947854,10290.99547118129	-0.2717921586746994
946 Laghouat	3396.27195480771,10524.619009146061	0.06299346753254746
947 Djelfa	3023.9359079678266,10128.526442417548	-0.02364867846902057
948 Batna	3776.0027517891112,9931.947716006887	0.05258306161094172
949 Tebessa	4176.311765299234,9839.21473436324	-0.02083032003621708
950 Annaba	4168.563567599611,9538.720229305154	0.07532889082834011
951 Skikda	3823.626790212763,9534.935552340541	0.02777063659342104
952 Constantine	3896.001980982567,9707.604199683043	0.09495170634275632
953 Setif	3631.2952583488795,9751.800490591675	-0.13381097747459075
954 Bejaia	3535.6942813759965,9531.280060736048	0.07130746478529032
955 Algiers	3253.4588773167848,9539.186031552896	-0.14444157837464397
956 Oussera	3251.836351302259,9782.934698877014	0.146666493797193
957 Blida	3084.7361671026024,9656.379778940274	-0.35877067027057225
958 Chlef	2788.6212374707075,9627.419453863975	-0.0964737751825869
959 Tiaret	2858.50967260922,9879.555272052687	-0.17324566645236494
960 Siddi Bel Abbes	2524.435483870968,9881.209677419354	0.2984989315861793
961 Oran	2450.8915187988105,9661.618183399014	0.030478363941045816
962 Tlemcen	2207.407710280374,9841.509345794393	-0.04834938665190288
963 Aricha	2240.931494045159,10094.80874414848	0.024385409172718534
964 Figuig	1937.4928583640547,10193.269072857132	-0.04834938665190288
965 Oujda	1823.4229379396909,9945.042270251339	0.092329334731599
966 Anoual	1680.1939967589253,10168.148608403839	-0.43467021514924475
967 Ouarzazate	1224.9060229902905,10264.389325721659	-0.03486958155478973
968 Marrakech	893.4841137123746,10263.24331103679	0.11614162687999022
969 Meknes	1254.068765944884,10033.10614083887	0.14504169832660557
970 Fez	1467.8979032717468,9842.020967282531	0.09966865249116202
971 Nador	1851.1273202270052,9750.66022643505	0.17863100651394934
972 Hocelma	1553.8614541759916,9690.885458240084	0.09966865249116202
973 Agadir	551.0772853185596,10419.582825484764	0.003558703838216251
974 Safi	679.7967596125055,10122.356982497486	0.3618234300851618
975 Casablanca	883.8352272727273,10029.28409090909	-0.2914567944778671
976 Rabat	1124.8988416647392,9851.907657392416	-0.12786991855999988
977 Tetouan	1318.2037682357982,9622.45658815485	-0.1395551385109344
978 Ceuta	1392.125211299207,9449.432084070946	0.07233733053859498
