0 Algarve	914.4133110143362,8910.80758296984	0.24483155484662436
1 Beja	968.3151260459118,8775.99669562598	0.1833239504805308
2 Evora	1106.7889527300126,8563.74631500773	-0.17156156453872357
3 Ribatejo	1013.5164237615872,8443.729477167044	-0.4005933004615526
4 Lisbon	958.9927916808898,8506.187653296513	-1.3543064167492207
5 Coimbra	1142.758743990067,8221.010979779918	-1.3895471455392692
6 Castelo Branco	1218.7132420026016,8287.914435455345	-0.30656840744394226
7 Viseu	1251.9201320275233,8086.797589640825	0.19283834473648978
8 Tras-o-Montes	1357.528918607569,7871.5618021558375	0.18872167384149519
9 Porto	1252.289258727804,7907.087409462273	-1.5246493281724671
10 Orense	1374.1817208133482,7700.373843125224	-0.32057383796974614
11 Vigo	1229.7956103811503,7433.818695385411	1.5270001298745888
12 Lugo	1393.8475691019312,7437.70373680451	0.002291389447130515
13 Asturias	1659.6772390690937,7476.422611061441	0.2157663945155572
14 Leon	1631.1750904032585,7671.060739299258	0.2521415677588437
15 Zamora	1597.3780652093574,7854.069741391288	0.46383623223022347
16 Salamanca	1531.4868308804232,8113.3284951957585	0.012233159687158062
17 Plasencia	1486.8255708239897,8288.940077109035	0.6385662848851037
18 Caceres	1351.0645381370541,8418.822771893365	0.3062511590364174
19 Extremadura	1327.6918849849403,8637.887829574738	0.30044520727445123
20 Huelva	1211.03664570839,8905.636758214701	0.13638125242589608
21 Cadiz	1399.114788767817,9241.688769000357	-0.11633215831359486
22 Gibraltar	1475.3360081813664,9285.599463105094	-0.04475442400902152
23 Sevilla	1451.2508660700908,8993.727216470474	0.005502977200736584
24 Cordoba	1712.9929449552294,8781.103193078165	1.4240230474954245
25 Badajoz	1585.8234296034316,8646.346744485803	-0.19959143174397584
26 Talavera	1784.7710447820914,8426.186512275874	0.2965571651826549
27 Avila	1763.7588209269798,8265.079281303746	-0.3793385540940577
28 Segovia	1863.313868227439,7999.11811025232	0.3168077672793033
29 Palencia	1912.2034162641035,7783.12691532405	-0.07266339273804943
30 Cantabria	2029.6723757999914,7577.219205103319	0.19087179919324268
31 Vizcaya	2309.284688151851,7666.2803092829745	0.20257507864124003
32 La Rjoja	2187.4905648607883,7817.728569091521	0.24963468160441282
33 Soria	2161.1383404480143,8035.503187511782	0.21927945582423802
34 Guadalajara	2196.439846310695,8234.11377298645	0.24308955214891456
35 Madrid	1946.8649449205764,8259.116006481843	0.2490175988448892
36 Toledo	2038.6947767919437,8556.50418233335	0.014628865949925617
37 Ciudad Real	1850.963967809095,8679.25969777766	0.3199022207135384
38 Malaga	1619.5073182829863,9210.070882732774	-0.1529284018135993
39 Granada	1891.6906441434387,9174.96634852858	-0.21057864982796
40 Jaen	1940.5522073173038,8987.127082333225	-0.2000417193721152
41 Almeria	2115.909230231679,9164.877110530633	-0.19718078508789647
42 Murcia	2328.9684879336864,9037.777347055837	-0.23324244127505936
43 Albacete	2256.1714019023875,8804.379802368512	-0.197299194245458
44 Cuenca	2235.432965078013,8514.310552266339	0.12713590910709915
45 Alicante	2568.629183966226,8954.398756991752	-0.5414717710055218
46 Valencia	2570.0351952095994,8571.45176807632	1.455615439545063
47 Castellon	2707.161430129559,8441.54503275287	-0.48761982896082406
48 Tarragona	2933.960996639924,8244.50779809421	-0.449750341873187
49 Barcelona	3163.775821562741,8157.229876438538	-0.07311453593253331
50 Gerona	3257.2202441489762,8034.953360257685	0.23479567439296006
51 Lerida	3022.532140137083,7980.8109861017765	0.24503933113711865
52 Alcaniz	2777.5664780182515,8134.8905051187685	-0.25761710054939013
53 Teruel	2524.8831767955335,8363.384786762103	-0.03393627624639939
54 Zaragoza	2509.028875933203,8105.590252329082	-0.010182156531506522
55 Huesca	2699.7595644711523,7905.196873166786	0.13884669426843718
56 Navarra	2502.651526225287,7812.478473064656	-0.12278967861558299
57 Baleares	3323.806607075417,8694.429208109434	0.01414044763265738
58 Labourd	2661.363596978878,7660.171132979217	0.1557049789074237
59 Armagnac	2885.5178087230393,7739.699366941278	0.03458688663194567
60 Gers	2928.746122176235,7530.275994594783	0.28364776514822637
61 Landes	2713.57549120113,7473.589059108356	0.038836920575362484
62 Bordeaux	2778.9598833378927,7221.376719637929	0.45937078560466954
63 Dordogne	3031.28051722069,7143.716342725315	-0.2890299263244116
64 La Rochelle	2836.3282637585835,6994.195055899965	0.4543786965728047
65 Poitiers	2951.142978352542,6721.044092165297	1.5621092964422107
66 Lucon	2701.9872502289263,6719.912261784821	0.5114721079268432
67 Anjou	2859.6396232827424,6598.856322086167	0.10889647276032415
68 Nantes	2674.729948217836,6565.063115695212	-0.01528418750109887
69 Morbihan	2488.1665173265683,6404.303209051755	0.38681469708892796
70 Finistere	2323.0720597062223,6278.936548311189	0.25017399068819146
71 Armor	2499.292775767405,6261.136680769377	0.3581727825710275
72 Rennes	2721.547913447407,6390.749360816987	-0.17944315036206007
73 Maine	2913.716883162576,6425.199877861249	0.29088291677663203
74 Alencon	3029.6792436382307,6300.080991020858	-0.008594505592854058
75 Manche	2838.686373790169,6066.256992426536	1.3555021440643882
76 Normandie	2985.7762883215146,6159.444635522977	0.16408402600787433
77 Rouen	3202.854785806445,6097.088941477048	0.08979021950480005
78 Oisee	3432.6523756156134,6140.790249379872	0.2533126761964106
79 Amiens	3419.4050215284606,5962.606593744491	0.3010507256833658
80 Calais	3441.0383082800527,5806.510013665746	0.03521885207343801
81 Artois	3592.115731729963,5891.484076468611	0.4166115813993058
82 Soissons	3626.5041931023434,6080.1010563135205	0.09769769596114204
83 Ardennes	3793.3394918508557,6075.450150424373	0.5014017333254085
84 Reims	3689.7058474171604,6277.159643490157	0.21326483305362934
85 Verdun	3982.08757667795,6175.0427066785505	1.48240621921942
86 Strasbourg	4310.391459237946,6377.290864822386	-0.1447312804289784
87 Mulhouse	4304.867373903309,6625.273777772441	-1.314998845250452
88 Nancy	4057.5779703569865,6432.194940908565	0.40631419837265265
89 Champagne	3916.6174948495204,6409.027636671496	1.2629590634233046
90 Troyes	3694.8843916928477,6430.792973831596	0.29407447974475676
91 Paris	3494.1487678942317,6356.866651053023	-0.10802254418643752
92 Versailles	3372.130218978299,6228.110576623998	1.3028098604223484
93 Chartres	3233.848309259677,6382.184733424391	0.031504856495394515
94 Le Mans	3119.1589467218782,6646.561150853115	-0.3956859063364653
95 Orleans	3370.4529836970187,6562.86516406287	-0.2264783795220579
96 Auxerre	3595.2645294077347,6508.356048356176	0.27749252459300355
97 Tours	3107.3798151590404,6869.469523563447	-0.2314335266440782
98 Nevers	3586.1068543855636,6691.923475962016	0.23471602912569434
99 Chatillon	3773.5603441029216,6614.809919880886	0.31363706192736174
100 Hericourt	4048.9550062254502,6625.261150668093	0.1569382719030935
101 Besancon	4013.1665522892763,6757.873713084155	0.037743682463290774
102 Dijon	3839.2766226774283,6750.908135213263	1.3833154678584418
103 Bourbonnais	3490.742115318892,6922.326907446591	0.21042133243644995
104 Limoges	3285.688672235053,7013.644877791132	-0.02905785557860912
105 Vichy	3478.597032294646,7195.7479986784	-0.5546012319062237
106 Macon	3694.6557060694086,7099.8463609367955	-6.9778590048449e-05
107 Ain	3880.3915113763273,7049.163275216659	0.4720936332483102
108 Lyon	3885.4768431794582,7205.317028971364	0.24715555146788634
109 Provence	4026.3864911007377,7560.02261007398	-0.4322186806974088
110 Toulon	4020.5582908403953,7743.607222092553	-0.11250493518866266
111 Valence	3735.5681059422272,7388.826792318227	-0.32007812406779856
112 Avignon	3870.378668272432,7480.57669840111	0.0693875440054187
113 Marseille	3777.460802970939,7626.851310505327	0.3026089456482907
114 Gard	3586.5909573522054,7506.231462461773	0.38534913695397566
115 Aveyron	3378.0771918153687,7418.270952785011	-0.03483468372716257
116 Montpellier	3468.280421728254,7664.122750850294	-0.0808820577142257
117 Aude	3288.090366036046,7779.392920745234	0.039741418693331615
118 Toulouse	3091.218988654584,7754.814653914708	0.025519934184823068
119 Roussilon	3254.2848257052715,7921.157030231757	-0.11557097791760702
120 Luxembourg	4117.859050352524,6057.960351211941	1.4816413724277389
121 Arlon	4052.8020574478883,6112.958834141499	-1.3391737804164041
122 Mons	3709.0630882215673,5883.721744810108	0.40510745901767264
123 Bruges	3598.9496815895086,5773.999396682857	-0.18040772274003403
124 Liege	3998.7675009490285,5903.901045221256	0.07709134375612577
125 Charleroi	3907.5770134013064,5922.360749760422	1.406311941614924
126 Antwerp	3923.380844152836,5719.1846052801375	0.6084972449518882
127 Breda	3976.685077509282,5634.349230334305	0.1443843965584305
128 Middelburg	3776.984064806083,5663.077498630103	-0.2451886793274731
129 Den Haag	3874.7025395621176,5536.906313941937	-0.12595606833942138
130 Utrecht	4025.0930889179276,5471.058994746938	-0.10098986692370567
131 Zwolle	4130.184676231883,5337.71994971948	0.353317272215719
132 Leeuwarden	4107.658588466073,5236.06968556281	0.08815484683191176
133 Limburg	4097.926886970542,5791.3984628837425	-1.3520987914268396
134 Metz	4122.10188205215,6257.362534703602	0.5782265955602267
135 Grenoble	3993.0681420856745,7367.934125851165	-0.017028400859170702
136 Bourges	3447.2038840397495,6707.7363346038355	0.4573965154952158
137 Quercy	3233.7067515868625,7237.000865844834	0.14233993062262348
138 Charolais	3694.302969895042,6876.895680720052	-0.02046395920940677
139 Pontarlier	3988.5579980703887,6898.642607598688	-0.18410991088098944
140 Montauban	3157.4730034870377,7500.123345692159	-0.42593350614425773
141 Bergerac	3012.9005911714808,7356.712264293426	-0.257567931779969
142 Tarn	3319.923069589686,7619.733942505159	-0.2353985105932123
143 Auvergne	3565.881271967849,7290.930080587641	-0.31158752080700497
144 Chateauroux	3295.63760726171,6757.244083713491	0.27112257934822864
145 Brussels	3837.2854692955893,5821.939310458175	0.20744434594798933
146 Ghent	3784.162523516737,5789.3170575410095	-0.5395828686493965
147 Amsterdam	3963.9715639844476,5424.542988419541	-1.3204894434730088
148 Arnhem	4079.6205709760657,5541.769471483287	-0.08148571750395679
149 Gelderland	4125.336934228759,5429.284116250892	0.21909143883074914
150 Groningen	4251.063985498639,5193.477650650117	1.263392319905578
151 Cornwall	2291.530417326419,5758.123056486855	-0.4796161878620646
152 Devon	2485.640298459967,5666.512914503866	0.10763441964470719
153 Somerset	2631.8530239319916,5599.551326323636	-0.05536029510822101
154 Dover	2769.788021619218,5705.325065083028	-0.2938898069156377
155 Sussex	3034.40640334391,5686.545312499768	0.15044599629290048
156 Kent	3212.7449486547275,5637.084983138079	0.38827246309507896
157 Essex	3244.814406554927,5513.776337103949	-0.3495332392889741
158 London	3100.749053214388,5575.947704937144	-0.16200658477538396
159 Bedford	3090.3709188377916,5437.109560263977	0.13091967122793072
160 Oxford	2955.202888717698,5506.61742317391	0.16236039602633337
161 Bristol	2808.301958595023,5515.624568799775	-0.22912269306961064
162 Gwent	2627.187559489652,5404.068813364279	0.25185907326532003
163 Dyfed	2431.2342574060103,5362.237579506242	0.1864418184306965
164 Ceredigion	2573.032999569732,5272.225736168119	-0.31431085978171597
165 Gwynned	2582.2411791058325,5089.132243244335	0.054086348411125244
166 Worcestshire	2763.2461757848628,5346.9714214870555	-0.15671007468731651
167 Northampton	2962.876381976602,5315.695383056128	-0.1634050465020869
168 Cambridge	3237.2669958567008,5378.353635234624	-1.5328183866414886
169 Norfolk	3328.0252256567524,5292.246992364708	0.49965957416184936
170 Lincolnshire	3200.2275145977783,5185.405248991707	-1.5402071174715721
171 Nottingham	2978.6968006950106,5110.829189858975	0.0763972633107296
172 Stafford	2796.174153354483,5176.1167124913445	-0.12222139817047019
173 Lancashire	2870.864558807671,5017.086251027501	-1.4919107252393504
174 Leeds	2944.5576927733478,4901.933016251617	0.28315603987073334
175 Yorkshire	3125.3302261742274,4817.2540766268085	1.2438106144198309
176 Cumberland	2799.969205371856,4724.838435834812	-0.23171465724548015
177 Northumberland	2994.328747654992,4525.9739549125725	1.4796458983274405
178 Galloway	2595.3935174735943,4545.118999943561	0.06498919743042947
179 Dumfries	2752.277667625477,4512.239876433521	0.26869160431628336
180 Edinburgh	2846.7527270873925,4423.850333345655	0.20493473598528278
181 Strathclyde	2648.7805230472914,4331.941643246695	1.1563946382686061
182 Fife	2757.8940916329743,4374.4503309599295	-0.39954222831014335
183 Argyll	2574.8987358530385,4335.716784207541	-1.332470888759838
184 Perth	2714.6030472616553,4218.529306906581	-0.26340634530568113
185 Angus	2904.075870082578,4163.175403179948	-0.3019580302851388
186 Aberdeen	2892.6208015808247,3989.050057591323	0.0691278081115746
187 Inverness	2631.3992392774735,4062.18847990806	-0.1577592111174299
188 Ross	2639.1583855174626,3923.7572158502962	-0.04667377708545662
189 Sutherland	2731.5159038096463,3735.7097498398844	0.22876691878107808
190 Caithness	2900.5259624685827,3730.3970431195485	-0.30524526910139105
191 Belfast	2296.45216348681,4655.532025077771	0.01943792350959291
192 Tyrone	2188.45517462761,4606.664739371899	-0.4747624429771902
193 Donegal	2087.6843861156417,4523.244542059233	-0.5177002276871047
194 Meath	2179.392107769596,4767.679556941459	0.09416952098075539
195 Dublin	2191.901602703207,4982.922618933606	-0.2887222776506554
196 Waterford	2030.0091791523648,5128.93606982668	-0.10117578248507472
197 Cork	1750.2025395218427,5229.047709436075	-0.2351718063458021
198 Kerry	1647.3292991457683,5147.207468314519	-0.37623254834104114
199 Limerick	1811.571117293991,4995.064272158785	0.1424987897140368
200 Kildare	2041.2855483276212,4940.326065146488	-0.48080790300400333
201 Galway	1806.3097537238316,4793.531558730741	0.3875424382322517
202 Sligo	1853.2597279625961,4662.940698112663	0.3662283550445451
203 Mann	2580.524766742545,4771.552184446751	-0.7124384707337156
204 Hebrides	2474.6884539832704,3734.876895517059	-0.6372205236180736
205 Orkney	2998.646316266843,3556.938322904162	0.13978920181801652
206 Shetland	3282.2485391738005,3289.9278905204096	-0.3659071629462961
207 Savoy	4177.465683234167,7224.789345491097	-1.4705959306730427
208 Aosta	4266.943615422193,7199.821706071827	0.10044136515019765
209 Novara	4466.840289858386,7072.693679798433	1.1793677520644512
210 Milan	4592.688475009081,7166.827303341481	0.35806160848023766
211 Brescia	4748.822850626908,7187.174334581398	-0.4262148215688124
212 Trentino	4950.537895935864,7039.2687962652535	-0.1753839313419177
213 Bolzano	4951.843433586745,6915.336955857307	-0.08796148214953553
214 Belluno	5147.086894178284,7006.553649236399	-0.1166089068021013
215 Udine	5284.427648028996,7038.995773863303	-0.013005277057239
216 Venice	5188.858157012323,7171.091912675731	-0.11815593951549028
217 Padua	5053.594650069298,7127.990919571806	0.1069198946552766
218 Verona	4901.269818346668,7178.57451340854	0.13720605934416455
219 Ferrara	5057.114055673798,7365.898184628168	0.12187233158575896
220 Mantua	4832.448574430609,7285.826051033388	0.24126796893261096
221 Parma	4692.022071399655,7399.0850671450935	0.05446608648558218
222 Montferrat	4468.93313989652,7436.43068503042	-1.449752784945031
223 Piedmont	4247.1093621652235,7485.972603847684	0.2116808145532133
224 Nice	4181.117961652142,7596.141331574682	0.4393709982366017
225 Savona	4385.727089799164,7620.032547250772	-0.7216573569457138
226 Genoa	4579.888103461709,7472.457591083518	0.476242775945075
227 Lucca	4846.648784304199,7576.599117048178	1.5177321445553225
228 Modena	4827.744427322771,7484.94461244587	-0.35789402146354815
229 Bologna	4963.971278184134,7489.953265554908	-0.1256056596311867
230 Ravenna	5147.540133724748,7454.346376241083	1.528980188109964
231 Florence	5044.337623835338,7616.692148529156	1.1484208201121788
232 Pisa	4971.647070540946,7752.050850957603	-1.4779894044550301
233 Siena	4963.663112290257,7872.88548388969	0.21599525539196482
234 Viterbo	5133.082945961675,8001.422863272121	0.4566928250561008
235 Umbria	5208.302157734849,7903.6475707638265	-0.05780168572015881
236 Marche	5371.334258985355,7704.427264123934	1.2212927925305597
237 Pescara	5396.5912767712625,8038.780793028704	-0.1641105550367846
238 Turin	4231.66772282963,7359.396294412924	0.0771748490257926
239 Latina	5311.672290621141,8146.66794808032	0.5660166060339256
240 Rome	5227.042365763722,8129.550651067914	0.3314381978531217
241 Naples	5499.44001185641,8243.765703249584	0.5580841388062976
242 Molise	5562.763608367977,8111.9057772063925	0.36775714009549315
243 Foggia	5814.6722776083025,8208.049231482031	0.0413098114016926
244 Salerno	5713.743010953052,8348.435448130958	0.42351552735103165
245 Potenza	5891.082309328635,8501.000999098582	-0.05357058816135559
246 Bari	5979.039430690234,8348.729718186596	0.1874057875424727
247 Taranto	6222.847072979315,8413.817413557146	0.4752296687262421
248 Urbino	5231.255060369924,7619.82575249513	1.566736148071475
249 Cosenza	6015.963049512864,8669.70338565719	0.4995737973262779
250 Calabria	6062.1725906033125,9060.761694138408	-1.1863301419735344
251 Catania	5710.490593597078,9223.51117590061	-0.31919537384912167
252 Syracuse	5646.047975002072,9332.31878576633	0.26403343225716286
253 Palermo	5397.534925168732,9213.301043960431	0.1344978413126238
254 Malta	5753.654018877651,9701.550886157984	0.1656073423897905
255 Cagliari	4539.63163267951,8846.024512625994	-0.38758090480282026
256 Arborea	4547.652161316636,8675.445348716004	-0.289539714454543
257 Sassari	4522.906048278735,8507.573590111817	-0.22657434404374324
258 Aiacciu	4582.852910036663,8179.595443981459	-0.013658876640769715
259 Corte	4626.561032408924,8062.618755450021	-1.307269421133192
260 Valtellina	4735.610378158722,7074.7315303328105	-0.5583531964589946
261 Rovigo	5048.717117597861,7249.743166924436	0.1885311276425275
262 Piacenza	4550.198993120988,7359.751751157223	0.13650862622677917
263 Reykjavik	1158.5744761219653,1518.6837638256727	-0.32300496327440126
264 Selfoss	1316.1898899783153,1744.3615557851854	0.16569680839144674
265 Eglissataoir	1817.5164493854181,1793.1850588827401	-0.5711888733988455
266 Akueyri	1759.7615553059538,1518.0215395090831	-0.3355047771286053
267 Sauoarkrokur	1453.5443844830315,1404.4522122629148	0.020099463314729376
268 Isafjorour	1191.5765164795387,1158.3799045658839	0.13436903651935891
269 Faroe	2679.916334119019,2663.370785585657	0.060843345220382435
270 Jutland	4629.564368393028,4299.192766899446	-0.4782124468791801
271 Aarhus	4719.086795213433,4435.183738578417	-0.042357670598977396
272 Ringkobing	4595.745272772231,4473.681046707288	-1.5132767910507958
273 Ribe	4536.704546535541,4583.903395470282	0.24038937337001168
274 Vejle	4707.010308425007,4639.546073946371	-1.3870717251137106
275 Funen	4775.178189467814,4669.916510960043	0.32179905052043517
276 Storstrom	5001.654428475627,4612.810216155978	1.490504301220185
277 Copenhagen	5085.521326752954,4610.832421576333	-1.3177843482245302
278 Bornholm	5481.652892018935,4688.178122293748	0.47551582064499776
279 Malmo	5258.78777144886,4618.740603146382	-0.22743413397077428
280 Kristianstad	5299.713604697281,4443.873824814707	0.01673596878518505
281 Blekinge	5463.373258682426,4403.022686458711	-0.11957895357713902
282 Halland	5088.2922007604075,4161.14513361111	0.989333982257068
283 Kronoberg	5289.161508073448,4271.627177171455	-0.03606473163993255
284 Kalmar	5607.2320688874615,4242.5104645308775	-1.346706417643587
285 Jonkoping	5310.819656933044,4086.6837412914647	-0.2650418756616274
286 Vastergotland	5092.8007497380295,4041.692374572002	0.28838845219399833
287 Bohuslan	4952.63596005737,3785.0835029537043	1.2345743949657666
288 Orebro	5145.781368962878,3872.108846425937	-0.08796620384130963
289 Ostergotland	5472.834922616123,3872.9968642756808	-0.16587492246304122
290 Stockholm	5638.5830116567595,3666.1186934779844	-0.03691445695934095
291 Narke	5417.106867896167,3681.876636827962	-0.23737663572240586
292 Varmland	5121.208555345946,3751.561759333983	-1.5212803637130967
293 Kopparberg	5146.89823908292,3411.334774180762	0.7514575685747669
294 Vastmanland	5452.304531079289,3497.5050247465606	-0.050265290305769705
295 Uppland	5778.379179394767,3349.5016699014727	1.4668628951881162
296 Gastrikland	5578.044919380026,3263.5691787122287	0.07244211305535582
297 Halsingland	5326.9034783216985,3274.9296973353175	0.1003859359603084
298 Dalarna	5140.03449789094,3223.483835163908	-0.4939110360329024
299 Harjedalen	5088.72004328393,2883.0978903857535	0.037111858316718455
300 Gavleborg	5504.8197490062075,3034.2840697262614	-1.340140434842849
301 Angermanland	5601.7590029353605,2517.9447681546594	-0.1813090865067896
302 Jamtland	5140.7852756723105,2548.1533922223352	0.1100761227530833
303 Lappland	5342.116916744123,2056.7740232339333	0.010672850171272013
304 Vasterbotten	5764.784474823007,2154.3527421992794	0.1279244653207036
305 Norbotten	6050.306349023094,1817.1108256193068	-1.3827761231656488
306 Kiruna	5579.198406638257,1544.4026336731429	-0.416484989006212
307 Stavanger	4317.6702239109245,3849.024604070431	-1.4871486682589237
308 Lund	5184.446288235884,4425.278043441011	1.1763618750861156
309 Kristiansand	4523.110834420096,3871.240589870459	-1.5670916142478726
310 Telemark	4482.9994736130475,3553.83515086417	0.41283098087074777
311 Oslo	4792.005566482412,3596.4954124772057	0.15118750537875297
312 Hamar	4948.673013775136,3147.12582147953	1.4862531587721264
313 Oppland	4615.569914442748,3150.7486536228994	0.47644786244777165
314 Buskerund	4517.390697792161,3310.759386803681	0.544518219788265
315 Bergen	4313.531624443368,3508.020324357448	-1.4337401078087701
316 Fjordane	4347.824587961981,3138.1783457013767	-1.3979489590999779
317 Bismo	4518.192512073393,2967.144229006862	0.03558702170416036
318 Heldmark	4804.415526626158,2879.928872768308	0.45128952416644935
319 Trondheim	4579.92091311259,2729.7016961496365	-0.07943789005826127
320 Trondelag	4868.782208016798,2403.31614704555	-0.3668252856567966
321 Nordland	5215.394438328167,1900.6507249281485	-1.0387314310617388
322 Tromso	5501.682538606434,1060.3320573965464	-0.4374292588850012
323 Finnmark	6151.684935827329,699.6665317981159	-0.23433326389965273
324 Lappi	6084.403556517761,1230.2188388997797	-0.5635134183442575
325 Tanhua	6458.729244465324,1262.2489265292663	0.1982364963583205
326 Rovaniemi	6305.046216109169,1578.0910265192415	0.11573492695279088
327 Kuusamo	6727.58287125673,1691.2942633124585	1.3356534922709264
328 Oulu	6568.987347792406,2230.073395237956	-1.5119871546819135
329 Vaasa	6325.936227483272,2702.448790977734	-1.3719706586216283
330 Jyvaskyla	6555.412268950879,2490.3557509518364	1.3564265582739987
331 Kuopio	6700.819753501323,2407.187673959241	0.16699714777437952
332 Lieksa	6979.450586784509,2347.952291498419	0.09984530584172167
333 Joensuu	7190.4621696373015,2596.983204324308	-1.1721654841932163
334 Mikkeli	6801.104853389837,2797.568343528763	-0.4879095409270185
335 Lappeenranta	6893.704324812672,2981.398654809526	-0.5664342368789381
336 Helsinki	6574.954807342801,3230.087670310296	-0.5985150726393554
337 Tampere	6455.7689986507385,2914.1839985211973	0.2902706717713724
338 Turku	6254.531344548128,2890.5415627971793	1.3300615145139814
339 Aland	6022.0428253105665,3303.8881010757755	-0.09941857651189154
340 Gotland	5953.913287689953,4094.8842328934343	-1.3773019866979506
341 Schleswig	4606.750332570484,4705.189770227026	0.4682250820147454
342 Flensburg	4623.122645935844,4845.480205345457	0.23873486793804075
343 Kiel	4750.7480463154125,4972.075173824014	0.13116383422482158
344 Bremen	4562.305835801167,5118.296240868428	1.3461694117388034
345 Oldenburg	4495.917797274948,5270.469498077111	-1.516478578456743
346 Emden	4399.373654581497,5228.639183774433	-1.5238112301968574
347 Osnabruck	4474.865208214528,5459.456120556271	-1.5346465691975602
348 Verden	4562.718539530688,5356.643457362676	-0.09142837379216297
349 Paderborn	4519.302742851493,5635.7721694485645	-0.036217680406420864
350 Munster	4304.533261855468,5548.72048754951	0.08731264514383959
351 Dusseldorf	4302.766298641744,5765.030351743352	0.6083028397679324
352 Cologne	4224.703916997311,5731.562350535299	1.0229338400898305
353 Aachen	4154.3291834024585,5751.369132390138	1.3268536307688892
354 Coblenz	4317.546194285407,5885.105961019333	1.5214829127191998
355 Trier	4156.147602983247,6012.120819084146	0.4094510165814037
356 Mainz	4337.999248080337,6097.404193515813	-0.3335468081374968
357 Saarland	4203.725231183293,6185.078022702597	0.2803136343979376
358 Landau	4438.532522441676,6147.345847098222	1.539137046481585
359 Darmstadt	4483.678161804714,6092.453252372503	0.12943819277445956
360 Frankfurt	4522.494853002454,6002.532413614157	0.2232803312613007
361 Wiesbaden	4468.801665050246,5989.353784449449	-1.4156067036305853
362 Kassel	4678.562885310461,5694.741811229894	1.2963541735872226
363 Gottingen	4739.827529098188,5646.91066047485	-0.20554830372867133
364 Detmold	4617.60805750968,5509.963890999599	0.11637853462659738
365 Hanover	4721.829679483215,5416.8355425383925	0.004878925284197545
366 Luneburg	4861.300348640872,5311.230371063727	-0.2021447695018096
367 Lubeck	4864.062748998272,5050.858723719661	0.2893023622997438
368 Rostock	5057.663883065199,5033.3750730851625	0.2201278602211383
369 Stralsund	5164.41582266833,4962.777435405759	0.316736585060225
370 Greifswald	5264.896703122745,5047.60917819198	0.26740710788359096
371 Neustrelitz	5169.9047086548735,5164.573776022	-0.10572211473598218
372 Uckermark	5295.8972838785985,5226.110422385061	-0.14209110462820485
373 Berlin	5342.128384358619,5396.991579090896	0.1093632748627166
374 Prignitz	5115.426536220562,5272.377383447906	0.38094078332061304
375 Altmark	4971.193258665653,5354.988052449167	-0.11500925821830403
376 Potsdam	5181.62112234331,5423.557213488823	0.28784718045041935
377 Cottbus	5431.200139531037,5592.403460479904	-0.3297346446677924
378 Lubben	5355.822275822775,5590.184270954355	-0.2997089658022124
379 Wittenberg	5165.316163780434,5568.814729577521	0.225976834053011
380 Magdeburg	5015.94958015525,5494.4177583580895	-0.2691194156264309
381 Halle	4967.950841928431,5659.86751747606	0.08265418421671081
382 Erfurt	4821.825303958097,5720.155368688045	0.2826203959766505
383 Gotha	4814.551400822127,5867.0470352337425	0.25450747977725824
384 Weimar	4990.898849147179,5840.315136676119	0.13576949466310131
385 Chemnitz	5137.26375440198,5893.507518623915	-0.05222720316224197
386 Leipzig	5182.610568671507,5673.518681729438	1.4688991746963111
387 Dresden	5320.6708404686715,5830.067487337728	-0.38505650512291745
388 Bautzen	5444.666997154502,5677.013781887312	0.5110604347598735
389 Stolp	5799.383014151119,4938.346590076319	-0.5179992928782661
390 Kolberg	5627.174496683608,5016.049589609257	0.13159687859997352
391 Stettin	5484.024306957791,5086.637682392562	-0.4008377709970294
392 Holstein	4710.738420707674,5061.353645788765	-0.07199339866974534
393 Stargard	5484.263073337061,5194.003125041344	-0.34097123468813967
394 Neumark	5510.5940167058825,5287.694178833902	-0.585421150376526
395 Sternberg	5531.984569677214,5392.747670126883	-0.42839851335051465
396 Glogau	5559.569213447393,5545.275953760193	0.23440522508479178
397 Liegnitz	5619.353967711535,5740.225131608414	-0.02555748636814415
398 Breslau	5835.789574693465,5658.848717104622	0.3078435650755588
399 Schweidnitz	5842.407137411521,5774.117606705205	1.3973785632304763
400 Kattowitz	6062.558991157292,5750.680801244624	0.709116026770671
401 Halberstadt	4904.372971914976,5582.407245404093	-0.31098095009390664
402 Dithmarschen	4613.562308149623,4965.588782774045	0.3093916367798597
403 Hamburg	4734.200815714162,5155.83661909205	-0.14169005680567542
404 Dortmund	4363.735879244691,5706.153458745155	-0.31564811234360174
405 Ratibor	5977.662351030221,5864.326191553917	0.5330872669530476
406 Offenbach	4616.845568729907,5974.656780490473	-0.4074691741553673
407 Marburg	4609.83321598149,5856.922863025464	-1.530377206411673
408 Cuxhaven	4637.56285930812,5107.403848096759	1.2232343015703018
409 Meppen	4304.546199894387,5383.43402657685	-0.3036330908015869
410 Minden	4547.587833593225,5535.774811807657	-1.167712789949114
411 Cleves	4176.094231410548,5626.509007150644	0.23821306905523218
412 Zweibrucken	4367.547956303874,6250.841806982141	-1.4434599419716763
413 Brunswick	4789.628031810676,5544.357785258344	-0.44631181436400036
414 Celle	4730.209644751521,5292.037454422735	-0.20878724953275626
415 Lauenburg	4847.900528213826,5106.834563122997	1.4518819544608372
416 Schwerin	4952.870230772294,5161.556191874326	-0.026936124848030693
417 Lutzen	5004.25963870595,5715.857300912731	-0.13080758120413402
418 Meissen	5291.933248095987,5711.100470808471	0.029624350156447585
419 Dessau	5054.036085265388,5582.953177553445	-0.20153033061435122
420 Westfalen	4472.101473064221,5808.148636428592	-1.210810187097039
421 Slezsko	6063.263350228173,6161.201770975855	-0.5848966367553596
422 Olomouc	5997.558968864211,6106.598786724294	-1.5440770822992718
423 Brno	5815.138597928641,6264.998251224055	-0.14178614302898468
424 Hradec Kralove	5648.827766591269,5888.861576816485	0.3074983938654734
425 Liberec	5395.517265415166,5920.419858868782	-0.4028805257107355
426 Bayreuth	5017.123153533241,5992.445180345337	0.11758988591913844
427 Prague	5437.118432964957,6014.938089662336	-0.07270312926534983
428 Budejovice	5528.927082221086,6326.078427132478	-0.4260795740770278
429 Klatovy	5326.500563183951,6158.164614427146	0.4835912466271571
430 Plzen	5205.988604397125,6058.956681052127	0.09122594524132438
431 Bamberg	4902.1492337925165,6028.543599861351	0.40014699409204607
432 Aschaffenburg	4639.974999173063,6089.051909808129	-0.4454430170444086
433 Nuremberg	4977.854849279758,6158.257986764852	-0.01721200854215898
434 Regensburg	5098.621163882945,6297.003369108443	-0.1144080312519217
435 Straubing	5210.713053106725,6306.9020908202665	0.06838921538249844
436 Rosenheim	5128.185395819962,6587.7210798861015	0.1907125420196235
437 Ingolstadt	5001.443563295911,6357.410661246903	0.08586047143714508
438 Munich	4994.295180494205,6502.353570959822	-0.04415977706530478
439 Memmingen	4828.340947078094,6465.751000606786	1.4414561826215824
440 Augsburg	4860.102448399601,6406.013054054822	0.2458669042992903
441 Heilbronn	4634.762618213574,6307.595052846757	-0.5039783101552819
442 Heidelberg	4558.871759626571,6228.0869479445455	-0.32693418472161667
443 Karlsruhe	4439.623470526477,6419.385329518562	-0.6040555703847009
444 Stuttgart	4712.2660467355145,6388.06122676151	-0.12049928460417815
445 Ulm	4648.548347154344,6627.711389036498	-0.30922012700946777
446 Freiburg	4379.310961946648,6574.813183905035	0.15185115997286194
447 Tubingen	4544.8465757994545,6394.999403719101	0.37242335141343813
448 Geneva	4139.1691365595325,6967.953606270492	-0.28799804613303753
449 Zermatt	4270.829276025014,7054.338841480104	-0.14605996878584784
450 Lucerne	4408.855391528516,6906.731617772128	-0.05574342308714255
451 Bern	4216.85360773023,6803.71282513936	-0.12181965037565788
452 Locarno	4559.358961939037,7027.832910628916	-0.0847976798083548
453 Chur	4713.512350309643,6915.795804116575	0.15910228845567875
454 Vorarlberg	4748.609940647074,6761.018055239593	0.3762057843096742
455 Innsbruck	4922.7016433912395,6796.311643840924	-0.12505105440697767
456 Tirol	5139.601662617599,6735.940542721477	-0.02488643262752765
457 Karnten	5219.300684596618,6853.719460062462	0.11338804051488756
458 Salzburg	5380.980095248623,6745.7171427915655	-1.453783995241761
459 Linz	5371.396688616448,6558.177924777686	-0.12449376225491657
460 St. Polten	5665.587388571864,6535.019525783226	-1.3763240495476885
461 Vienna	5777.479929692629,6396.813801098939	0.15471503047496687
462 Graz	5730.268222536937,6789.240449099842	-0.384676848948747
463 Steierland	5501.070288098045,6740.142465641255	-0.38652568669027826
464 Klagenfurt	5460.20729473284,6875.245154608453	-0.10154976071247138
465 Wurzburg	4798.693274956102,5972.241567363848	1.5662502923009598
466 Oberpfalz	5068.638302850007,6175.484630207348	-0.3103568504199543
467 Zurich	4550.186647516469,6709.176418906998	0.51391433416098
468 Pardubice	5560.710657458842,6158.616674978583	-0.5936744514721121
469 Svitavy	5749.236002477337,6140.129937708931	-0.4689674111211326
470 Eisenstadt	5795.077871573437,6570.453850766592	-0.2146985683975755
471 Basel	4384.981121353424,6756.010721511413	0.10937130770749229
472 Passau	5345.428910573503,6365.380579288657	0.0367966541472263
473 Landshut	5195.933748548253,6467.048146545875	-0.0547185596568231
474 Ansbach	4827.510352644945,6231.846152154782	0.10687080669088174
475 Starnberg	4960.491351444114,6631.576737828317	0.01840549651603867
476 Kempten	4811.777777214875,6680.188523712421	-0.5797479274056124
477 Schwarzwald	4481.139100680414,6527.6991986259845	0.1756218629532034
478 Sigmaringen	4586.570433626409,6477.752591125581	1.1733379556356494
479 Danzig	6078.229634304239,4884.304368923201	-0.1290730683026418
480 Marienburg	6141.379661229562,4945.626419427825	-0.6044620505823128
481 Ermland	6328.904518481795,4930.033982234951	-0.012274070413738814
482 Eylau	6390.435567034709,4869.539390410912	-0.09834571774960282
483 Konigsberg	6306.697531001001,4734.131261434842	0.08016912807862892
484 Gumbinnen	6485.706941019505,4671.891343146394	0.12808956725608978
485 Memelland	6414.611613006624,4471.213764816186	0.7172914866352663
486 Samogitia	6439.955357558654,4376.640406540103	0.42505125610226246
487 Kaunas	6729.950854307906,4562.230412297857	-0.2662295296114444
488 Alytus	6728.594609484417,4706.432522676229	0.2521979659888819
489 Vilnius	6922.717597844722,4653.7293666118385	-0.18799811310103137
490 Utena	7010.506570222469,4435.209403980641	-0.04154878828129172
491 Panevezys	6866.18874896057,4332.759528231763	-0.3092790453761971
492 Siauliai	6640.680583326716,4379.582712051554	-0.27897711575865464
493 Gdingen	5947.918643644001,4866.472409669153	-0.010322426936797172
494 Kurland	6390.1503403442,4254.405196972001	-0.2881168489915444
495 Talsi	6421.347625702967,4055.6139232918	0.3405404409926011
496 Semigallia	6732.613467166848,4187.081931805885	-0.10651592804051996
497 Riga	6733.189376511046,4079.1496050083947	-0.22214296623505225
498 Kraslava	7199.244498209587,4254.835572660794	-1.3534812921913495
499 Latgale	6968.278868512986,4006.023053857215	-0.24881886299894396
500 Vidzeme	6803.808411774113,3879.6088839091494	-0.0527312363925976
501 Ugandi	6956.740314976822,3647.965147438722	0.396238760058067
502 Narva	6868.2663454872145,3448.845430879563	-0.1981274320123128
503 Tallinn	6625.641059301516,3582.866843122283	-0.4247678713626059
504 Sakala	6831.778729692405,3736.461585047482	-1.1854898922077937
505 Saaremaa	6429.126276269031,3762.034171326202	-0.6931140003124037
506 Pomerelia	5882.801021895519,5042.537334304469	-0.10839324950487256
507 Bydgoszcz	5763.974976394671,5217.558744310841	-0.3497579866038502
508 Torun	5936.53939008009,5246.960554093915	0.05912273483128667
509 Gniezno	5813.141269342242,5356.391715392556	0.29241802421621876
510 Poznan	5665.571867719957,5379.357881060603	0.6178941945710367
511 Kalisz	5895.729378853446,5513.540039896885	0.5118732374926241
512 Kutno	6063.682118505052,5451.0442556934495	-0.06994498321688104
513 Plock	6173.261820153812,5273.009434203501	0.13431977343085058
514 Chelmno	6088.065398211142,5086.6351092719315	0.0825818876152267
515 Osterode	6219.352524480439,4975.671419996554	0.43505400387854554
516 Angerburg	6467.488233699175,5017.341785602859	-0.5431964533032936
517 Rajgrod	6707.907597717314,4878.829163658405	0.2652857292745735
518 Wizna	6560.05317956031,5095.980944697107	0.08751542211581913
519 Mielnik	6793.624060749427,5216.674020450267	-1.285235964831167
520 Drohiczyn	6399.776701968339,5210.931452207555	-0.11783001034925973
521 Siedlce	6586.882015064056,5362.680026251881	0.1327795966005905
522 Warsaw	6397.553627891925,5429.68977683764	-0.15413793008400922
523 Lodz	6170.509656159823,5624.301692974745	-0.45250430969915634
524 Czestochowa	6224.609471877001,5741.537465257834	-0.20746410155818581
525 Kielce	6435.222806339201,5634.860229607982	-0.38331888018954774
526 Sandomierz	6447.57532599884,5790.4438634343705	-0.44499590275575646
527 Krakow	6320.717833310654,5908.865414068305	-0.24796295575409907
528 Nowy Sacz	6283.3004043264145,6023.954003039935	0.056587025297653734
529 Sanok	6738.597788796384,5955.060825101305	0.3354341381324652
530 Gorlice-Tarnow	6532.438452543545,5953.350414783071	-0.04975263221054892
531 Lublin	6684.400816728326,5589.768045509674	0.6391934366795302
532 Chelm	6821.414054457378,5346.912656796731	1.5307671452138383
533 Brest	6918.454979582569,5267.744366106618	-0.03667108699481409
534 Kovel	7022.189314040728,5504.632321192969	-0.5761439177317764
535 Tarnobrzeg	6954.133381737965,5726.503076402306	-1.4809591821255494
536 Lwow	7013.868197281873,5823.103079112013	0.22589205506666743
537 Tarnopol	6955.735446503316,6023.586327018408	0.2990019312630848
538 Podhajce	7284.009530885976,5941.510014488952	0.4242906858271545
539 Rowne	7207.132916392428,5699.192478710067	0.296187798668354
540 Luck	7154.078849386024,5597.1480866126485	-0.6113083184104833
541 Kielce	6907.237465648543,4846.862155144462	1.381049759191278
542 Przemsyl	6684.117592011911,5784.077569499049	0.28877207488593765
543 Bratislava	6002.295445082842,6375.766590861508	0.02272474481221304
544 Nitra	6110.582985410967,6499.532845122726	-0.03855596288986671
545 Trencin	6087.356062708282,6268.9252439423935	-0.14799482044352236
546 Zilina	6260.383701726736,6181.192939006122	-0.10833843645071638
547 Banska Bystrica	6257.44720052233,6341.410316483747	0.050697990792854995
548 Kosice	6624.698227632344,6247.371665221896	0.04977513001681591
549 Presov	6561.473858534374,6157.786260785855	-0.10361392521624065
550 Mukacevo	6886.726284677778,6210.563857385516	0.434675100024205
551 Khust	7077.157299502658,6276.033544823243	0.22026200096333742
552 Gyor	5955.6261310092605,6622.808026829261	-0.13639499923450266
553 Vas	5951.170647391692,6833.6498956260675	-0.24950495497216998
554 Baranya	6113.324009499078,6984.658912573474	-0.021361805231413525
555 Siofok	6161.156384197974,6849.182570877017	-0.1608370026818816
556 Tata	6154.186527938484,6668.756646200188	-0.10859353888380595
557 Budapest	6356.124272693318,6553.425487940735	0.10703776451208308
558 Zombor	6400.053953565164,6812.03345621102	0.15156260070960031
559 Szeged	6596.7776371554255,6789.75871930839	0.015944408002718725
560 Debrecen	6645.024249272247,6577.116758936916	0.16344179026321604
561 Miskolc	6600.366931987092,6452.356738972868	-0.5647913818279572
562 Szabolcs	6789.006773195701,6432.266154415641	-0.31118987295254436
563 Timisoara	6696.188230619101,6945.719780739119	0.4331438923579429
564 Cluj	6909.718030523179,6548.903984409698	0.36162982246083736
565 Maramures	7052.908302860942,6432.877749047606	-0.0808444082399014
566 Sighisoara	7157.939676599858,6738.679229393411	-0.022603230607427704
567 Bistrita	7203.993687354787,6538.826461057984	-0.3497583986442459
568 Brasov	7521.80638575899,6827.904897789182	-0.22643464909093883
569 Hunedoara	6952.0068414836305,6993.718666864455	-0.04898040046970956
570 Caransebes	6913.576577127081,7169.981741289837	0.043186751606921224
571 Halicz	7201.32276379082,6204.033484682613	-0.07618015373236378
572 Chernivtsi	7373.002345029557,6232.9772168129	-0.3323253822137771
573 Bukovina	7422.516353071034,6388.94213107759	-0.09044460131781887
574 Suceava	7588.27781642497,6287.51529501146	0.3017168626502095
575 Iasi	7627.172985912873,6560.974568999796	-0.1135708201848607
576 Bacau	7703.637098364153,6693.403126228881	0.00015620869345043913
577 Barlad	7914.807391790006,6563.545724351975	1.4028235545113894
578 Balti	7718.800343149883,6213.899519907172	0.553894979201823
579 Ribnita	7805.0643933646525,6127.4268335370025	0.4658987316283679
580 Chisinau	8036.207060827087,6388.072078048889	0.18519872909600402
581 Cahul	8104.625906950546,6699.836539096501	-1.5470624198100023
582 Izmail	8177.569563559157,6691.941455845947	-0.514078147368617
583 Tulcea	8132.487830038554,6916.0086794402605	-0.4072903418165082
584 Constanta	8088.011596710233,7073.053458650337	0.26737458126682717
585 Galati	7927.340267237094,6909.356045346045	0.5758961844002081
586 Muntenia	7802.645569035642,7148.0930455684675	-0.2211666171927667
587 Targoviste	7507.524538504048,7035.802297909607	-0.047877848440926685
588 Pitesti	7271.9168397290205,7078.231986410315	0.33425604795516073
589 Bucharest	7565.076105354343,7256.823256440434	-0.32195218611142407
590 Craiova	7286.198579775009,7303.978714253495	-0.0329378891348494
591 Oltenia	7184.9456456585185,7259.571535792344	-1.55690204706458
592 Deva	6847.662440700946,6782.895917417991	0.12484711590090604
593 Sibiu	7216.432752983042,6945.186306660382	-0.15473431109417854
594 Lucenec	6411.762178886824,6294.096967320648	0.19502277879536414
595 Miercurea	7419.85637947292,6586.320911595981	0.2679187835611325
596 Buzau	7717.652626976282,6947.037263934211	-5.0545777394283446e-05
597 Gorizia	5442.479171653371,6970.732155773037	1.4051295100136307
598 Kranj	5535.240294792367,6998.567143350541	-0.11602936590576715
599 Velenje	5733.352222515534,6938.417507809405	-0.28844877767572963
600 Ljubljana	5619.500448635779,7121.415509771114	-0.2280757699075196
601 Trieste	5522.477423057495,7174.027641891318	-1.3350929431478697
602 Osijek	6265.510759832151,7135.293642747317	0.13302735408426167
603 Sisak	6015.333712762315,7140.45641835065	0.16532729128603216
604 Zagreb	5866.42600139088,7017.368830996428	-0.11254245229442487
605 Karlovac	5809.928002683017,7151.480930353389	0.21885644486095363
606 Rijeka	5646.494810367236,7263.4083151168215	0.5872549637635301
607 Istria	5520.065818199693,7306.472603633694	-1.4796777828845789
608 Zadar	5813.133536325156,7491.832374188158	0.33516647734062477
609 Split	5974.315454726481,7649.386931926266	0.5256365846348845
610 Dubrovnik	6221.190537598553,7738.534654317338	0.5998388213880762
611 Trebinje	6207.241206231001,7664.896453045214	0.14257341616372554
612 Bugojno	6081.156134802232,7517.620069100963	-0.3083470491439422
613 Bihac	5901.547248354421,7304.06226214446	1.2004893373164682
614 Sarajevo	6317.573604403962,7489.903727002838	0.18265671715012483
615 Banja Luka	6025.148904036059,7271.97883979138	0.26985332612231744
616 Novi Sad	6459.356985249819,7044.706986768015	1.3359059987136588
617 Subotica	6530.499979023423,6991.815886173847	0.3779917934884546
618 Belgrade	6728.274972243729,7370.386512820494	-0.17291828331292003
619 Uzice	6523.3795039077995,7327.5654821195485	1.2126793885520801
620 Nis	6874.895842027282,7671.213438212509	0.20858140797057895
621 Zajecar	7039.013314615323,7309.543885398693	1.5586859502473593
622 Vranje	7106.384141603928,7798.873024045381	-1.106321351743747
623 Novi Pazar	6595.863412047921,7622.995734588226	0.26294829135509756
624 Pristina	6788.80036943324,7813.267110604635	0.20544299084069267
625 Kotor	6470.8903124025355,7846.420958546359	-1.4599660171720652
626 Cetinje	6564.662828694089,7944.061831055819	-1.487990998334922
627 Lezhe	6641.592089612336,7958.545508633167	0.03678082427485772
628 Durres	6702.183821491739,8148.775243602125	-0.3035650068772757
629 Vlore	6701.583894785517,8348.8657581988	-0.17755379320491507
630 Korce	6842.909451166689,8278.85848610701	0.4548088809556822
631 Sarande	6796.959062563072,8486.639242228795	-0.31539865966900404
632 Bitola	6984.684444360836,8173.210258750949	-0.34945211493519585
633 Skopje	6991.786412036123,7985.049800127418	-0.3075490896993623
634 Strumica	7217.932543842119,7931.3198306295535	1.4576480871698692
635 Pernik	7208.690094463031,7782.471895842587	0.1986671288231774
636 Sofia	7292.301251417029,7627.727079300703	-0.002562024468631406
637 Vidin	7150.049650010943,7455.8999811510985	0.2652164082752255
638 Pleven	7477.202003489424,7509.50331708459	0.09528337272867839
639 Tarnovo	7797.397539182989,7514.573253872433	-1.389395611447024
640 Dobrich	7937.809761983236,7235.40030989833	0.17072571556923208
641 Varna	7939.021559626339,7412.036263222302	-0.0544073045287129
642 Burgas	7979.874640550338,7620.839049683301	-0.19651887188428085
643 Sliven	7720.104014342608,7705.4172777379	0.047015646486517126
644 Plovdiv	7493.314010257486,7806.695728452499	-0.29161119442365996
645 Haskovo	7682.292866910529,7883.554421828727	0.04471498337665585
646 Komotini	7838.221392094789,8033.1788157627725	-0.6444408450757488
647 Kavala	7478.749476209428,8096.45821954158	-0.21801628760375732
648 Pella	7224.985925233033,8243.145667558343	-0.4727364706010293
649 Salonika	7427.267101192413,8270.704229827043	0.22770683944294448
650 Kozani	7002.816384163992,8359.417820963257	-0.2946738456743618
651 Larissa	7273.55563846394,8414.39845167368	0.8053862432500479
652 Thessaly	7047.468646726487,8525.454754503273	-0.09596301574224013
653 Epirus	6890.90941308247,8555.405397355058	0.6499860037728856
654 Lamia	7157.482930258861,8685.549266020325	0.15736013794972284
655 Lepanto	7063.357630048235,8807.289837783293	0.10954798398351043
656 Athens	7467.2907877336875,8834.501826041324	0.30297151087991325
657 Corinth	7400.823970757848,8992.797215641442	0.23447736023284715
658 Patras	7191.361884086869,9010.363296180885	-0.05457300102881672
659 Sparta	7322.622005231895,9166.861025204009	0.2878301494459333
660 Edirne	8039.183816331972,7826.674069763419	-0.14536502116055683
661 Gallipoli	8041.999101807026,8069.811113103583	-0.5639620996746674
662 Constantinople	8294.34761568453,7864.350530390354	-0.11418355197010485
663 Corfu	6759.509013221553,8569.67031899609	0.43384952946207483
664 Kefalonia	6967.455323445399,8932.037975706631	0.30237534984816544
665 Crete	7894.997969519956,9615.191295215627	-0.047195474402005104
666 Evia	7539.935221876126,8732.445373620214	0.5139627036102876
667 Naxos	8060.510746788317,9058.329166367108	-1.4225117962562623
668 Lemnos	7817.198564037589,8325.648463674623	0.39715194111932656
669 Pancevo	6646.348073489007,7217.16096813633	-0.19052950624934312
670 Kragujevac	6791.393326473339,7525.87476892778	-0.38958766829560065
671 Ohrid	6922.520422967827,8146.648051849963	-1.5637772130908614
672 Blagovegrad	7354.540858468577,7955.264825621978	-0.16139745396686628
673 Pjlevlja	6519.338605602563,7681.994895039419	0.6358504736571988
674 Brcko	6270.844383651631,7292.467771208084	0.2979575864507427
675 Rhodes	8618.23539859036,9192.701794457842	-1.1433513725680946
676 Lesvos	8044.448038656157,8466.930922413949	0.19971543999861993
677 Uskudar	8623.57586640287,7871.699202794767	-0.1633083020750866
678 Bursa	8600.106326195744,8040.092584537766	-0.06401658670321934
679 Canakkale	8112.431608756119,8299.872743334836	-0.2976107561278356
680 Izmir	8251.291046958826,8669.053753394039	-0.18004308670158542
681 Bodrum	8522.784600852832,8894.486777794744	-1.5657773648406108
682 Denizli	8620.088653788944,8598.287185506819	-0.159189571654758
683 Balikesir	8473.564737398156,8407.18092431299	0.014707180208895726
684 Bandirma	8405.725296757968,8180.658010433678	-0.03896991695554797
685 Usak	8690.542623803549,8322.710930804453	0.1443500509060015
686 Eskisehir	8901.926023272552,8107.925495646459	-1.1999849489892491
687 Kutafya	8997.026371853508,8245.032147563297	0.36630618608774296
688 Isparta	8929.92116262195,8473.33067779581	0.29525034913412856
689 Burdur	8877.82008054724,8708.566704867824	-0.3183119337794512
690 Fethiye	8865.126138032561,8941.088944985735	-0.20900106625600337
691 Antalya	9084.717753226381,8728.112575589923	-0.11611589889260703
692 Konya	9250.876016075168,8554.394483326496	0.1457240860493693
693 Tuz	9277.621768880386,8278.487937791127	-0.4423771838940426
694 Ankara	9136.87638851403,8036.720504137927	-0.37339839475237613
695 Karabuk	9242.289956419936,7699.041790450289	-0.1740162443366994
696 Zonguldak	9093.52129765731,7593.783379751474	-0.42167303349661495
697 Kastamonu	9350.915412609877,7471.575031415161	0.426202862712205
698 Yozgat	9406.52369794186,7892.21286715928	-0.061703846124658575
699 Kayseri	9520.08066106147,8166.095452468459	0.07935503211613731
700 Cumra	9422.800065411511,8395.852013331103	0.17564105728314908
701 Karaman	9460.961214246106,8653.37679567062	-0.20887388004183316
702 Alanya	9401.639594346561,8809.338469370728	0.08065332381850572
703 Mersin	9728.258149897607,8499.595538878162	1.5068030649599589
704 Adana	9953.319261092007,8534.967514392509	-0.35003000068735596
705 Tarsus	9794.273532597854,8406.102060493069	-0.13270904482238624
706 Kahramanmaras	9971.313559790238,8213.26173400063	-0.2541327163664928
707 Elbistan	9872.606002706503,8088.665851336072	-0.6068159313518554
708 Sivas	9654.19864677207,7849.169810861718	0.12982946380392987
709 Samsun	9676.350633605307,7556.4602688037885	0.09313270727100756
710 Sinop	9558.861241909446,7427.682475107123	0.10471269412564697
711 Giresun	10020.781425727371,7500.960360610804	-0.1910664095344787
712 Erzincan	9961.892689601545,7759.500806339088	0.011154376817619367
713 Tunceli	10221.088940103207,7960.078747810096	-0.19634642801581526
714 Adiyaman	10364.954629818003,8134.743000278956	-0.3210167898165425
715 Gaziantep	10194.806735042577,8333.657114677404	-0.21360860595902578
716 Kilis	10313.687143058865,8416.093234100057	-0.11391223657051633
717 Ayvalik	8268.52533908805,8423.823814400697	-0.18434936932335155
718 Iskenderun	10222.358375284068,8631.154658637766	-1.5475595697113886
719 Marmaris	8709.902159478415,8928.393207239678	-1.3392885295324093
720 Duzce	8985.026850323233,7783.530898812127	0.19324216450884016
721 Sanliurfa	10615.016838557423,8203.810711735663	-0.27925616286345456
722 Diyarbakir	10895.350534418123,7936.600190086878	-1.5501338402344185
723 Elazig	10501.483849218268,7799.415053035316	0.03995996791460871
724 Erzurum	10704.079083182201,7542.779380299086	-0.04033494740657032
725 Erzincan	10303.717709830118,7612.229133822373	-0.3161827999870211
726 Trebizond	10325.770118907305,7410.766081421275	-0.44423881355657463
727 Rize	10644.108266908563,7287.8844912444	-0.1396075891450886
728 Artvin	10864.291023009067,7104.728054824311	1.3865521455951375
729 Batumi	10798.41632648542,6986.677797269557	-0.31077017225026105
730 Kutaisi	10872.201731985355,6592.131311608275	1.3393042580574908
731 Gali	10696.260091076789,6694.008092114415	0.17927696910286334
732 Abkhazia	10416.115846361728,6633.99589691016	0.10531677725998033
733 Sochi	10121.540178239897,6563.869832900303	0.3488095542642458
734 Limassol	9726.397224093216,9067.719234588774	-0.5677666970246964
735 Nicosia	9636.382920368427,9189.88829329593	-0.34749176979912555
736 Sevastopol	9039.284057338275,6710.369332419516	-0.29045000333460635
737 Feodosia	9128.120063907767,6599.112321825595	-0.4383016553967958
738 Yevpatoriya	8855.94972216157,6541.406083065584	0.12143660354800727
739 Dzhankoy	8992.690212825222,6436.981766545246	0.3323037924325816
740 Kerc	9335.246660099983,6493.895636070046	-0.4278897342515201
741 Odessa	8375.268749833807,6405.634725535616	-0.5458944914219033
742 Shryajeve	8189.917761058,6256.823981965743	-0.3008930750864207
743 Mykolaiv	8495.63026070097,6155.442413376005	-0.4135329127078367
744 Kherson	8676.14759513692,6223.589559665644	-0.3549291933909604
745 Tendrivska	8736.592354465016,6349.4260121275265	-0.3101393623779655
746 Melitopol	8912.591285906852,6134.706069553903	0.26491189234568074
747 Berdyansk	9118.5112901123,6008.755708611323	-0.06639839546326438
748 Mariupol	9282.430168794051,5815.031560165416	0.12587855325824363
749 Donetsk	9425.294752880305,5573.651972217871	0.060997418346029765
750 Dnipro	8918.879449512351,5706.120116957034	-0.09441173936423859
751 Nikopol	8680.912846017252,5929.986823723226	0.11141162819841481
752 Kirovohrad	8349.751793987445,6002.221613673395	-0.49189917852148085
753 Voznesensk	8090.775054303005,6056.240764020619	-0.07728503593418538
754 Sharhorod	7818.980894189531,5975.656461434305	0.3529881035755232
755 Chernivtsi	7529.845177672869,5976.892855407169	0.14512063877907055
756 Khmelnytskyi	7495.760360864763,5745.696248484375	-0.14703584019715488
757 Vinnytsia	7846.0168045744895,5811.839607520558	0.21145263220957414
758 Uman	8100.268474900408,5759.486070384948	0.2821471716474096
759 Zhytomyr	7773.237804566072,5594.664724446433	-0.06976917866933004
760 Rivne	7370.907671344543,5332.239152425651	1.2741080065804922
761 Korosten	7658.214485948449,5489.725265975655	-1.393378172418496
762 Chernobyl	7825.89918562646,5338.84410332128	0.07011117653711262
763 Kiev	8098.950220840914,5457.634896091447	0.008945212122061046
764 Chernihiv	8158.907710293051,5136.033450021216	-0.4029208590154911
765 Poltava	8442.859331607671,5314.361087360059	-0.05212083160535294
766 Cherkasy	8436.827904575273,5596.430537290068	0.20618059261740931
767 Kharkov	8920.707147853898,5400.452800560931	-0.1330613245374302
768 Luhansk	9369.581242156968,5324.918889550393	-0.023197647582480396
769 Pinsk	7274.637961780095,5192.163143607499	-0.041631990803176915
770 Turow	7542.258729089584,5128.302463689831	0.2251526407313076
771 Mazyr	7802.568717885555,5090.364861705224	0.2416576983778134
772 Novorossiysk	9643.262436833447,6404.238750907521	0.15339451442369492
773 Krasnodar	10028.95910839129,6308.610647351998	0.26593996204142206
774 Armavir	10405.622542051462,6443.367481309585	-0.03091109515860764
775 Pyatigorsk	10722.246880578221,6387.098906084067	0.24807967349885016
776 Volgodonsk	10854.571008102825,5896.055943224718	1.5250762251472805
777 Stavropol	10319.601695503608,6108.002150265531	0.15302581673633273
778 Timashevsk	9736.902652550769,6217.10845572241	-0.46339290959626145
779 Rostov	9694.477606349508,5969.4578048885605	-0.6365358350708852
780 Taganrog	9683.37441533315,5744.952673121936	-0.9671351578571272
781 Salsk	9960.133690148896,5621.65793381952	1.3197057309601974
782 Millerovo	9765.048611706794,5307.76553537788	0.14354054137551975
783 Volgograd	10199.607989689768,5429.27831141147	0.02607254632715074
784 Elista	10328.898223846889,5807.568233734658	0.3333025266979387
785 Chernoyarsky	10565.810543092331,5483.543849327394	1.2724005791372084
786 Astrakhan	10890.24154412623,5701.109876694421	-1.5500270993476035
787 Pallasovka	10752.791699445948,5113.365828895175	0.16015367622675247
788 Kamyshin	10412.179574757005,5118.0786483159845	0.35120821362834076
789 Saratov	10554.503427766545,4806.542988877501	-0.007839683315748747
790 Balashov	9934.380878429592,4941.284774760731	-0.01036188488678179
791 Rossoh	9501.960427951451,4999.611033603132	0.06525210635806086
792 Valuyki	9177.40875496628,4946.006373269787	0.3672037420620618
793 Belogrod	8873.314429845595,5063.095027039987	-0.012474168912174111
794 Kursk	8678.998058291178,4921.903635283848	-0.29618037529163505
795 Livny	8951.2888049451,4733.097723542459	-0.25976739635374346
796 Voronezh	9409.608557588379,4729.036260426928	-0.6617959396658191
797 Pichayevo	9748.402472752465,4655.09696699911	-0.23305516575798277
798 Serdobsk	10228.125943923962,4500.4448722400575	0.23257830899598775
799 Samara	10822.74774874039,4487.749224218998	-1.4621607850981484
800 Kuznetsk	10358.247322309437,4130.867692647848	-0.09963720186857779
801 Penza	9747.096541177412,4222.656450846985	0.30664662384149904
802 Tambov	9306.34977171843,4365.063592649135	-0.4072730377748706
803 Saransk	9600.31329586178,3910.1287857776824	-1.1754656244888246
804 Akneyevo	9858.523467407971,3827.5957801147056	0.6110654802336539
805 Ulyanovsk	9821.918159574672,3476.0265685029885	0.2476884876437763
806 Tolyatti	10198.171362898749,3746.286645945753	-0.003694970246695566
807 Buzuluk	10606.42736169305,3827.634268422699	0.33017237553395
808 Oktyabrsky	10850.10857989959,3589.1878241820796	-1.563525199854919
809 Buguluma	10499.669767330799,3430.9839552859735	-1.2671070959936408
810 Kazan	9901.227534161022,3099.400036308494	0.420848197863504
811 Litovsk	7161.969343710736,5180.629099866482	-1.244608677647872
812 Grodno	7067.684874516282,4794.217714642411	-0.2712783117257668
813 Minsk	7350.470488505103,4862.37151032843	0.11544316220609734
814 Babruysk	7631.51851251601,4849.036031380864	0.14645682689707104
815 Gomel	7897.261903656897,4852.87990271175	0.5050201513287981
816 Mogilev	7835.83540032932,4646.897194341836	-0.048256681154245584
817 Orsha	7497.123978998935,4624.373210150313	-0.3138821705781219
818 Smarhon	7205.2955565578095,4488.632033406868	0.1552860394651752
819 Polotsk	7424.761862574337,4352.835843657873	-1.2880061362544541
820 Viciebsk	7602.558163925373,4274.450839454819	-0.31137208480053075
821 Opochka	7550.372485664409,3806.2652142324073	1.44338162819942
822 Ostrov	7250.700058979234,3856.5664865119525	0.18540233643284937
823 Pskov	7097.74527775487,3549.18573720026	0.43589106338916367
824 Klintsy	8129.457694956891,4819.790258654052	-0.0632100890126907
825 Navyla	8440.928258399348,4737.402049956383	0.12554426206486133
826 Roslavl	8113.969488016317,4504.498667970246	0.2850721153482926
827 Bryansk	8408.394476359232,4433.342493625855	0.21431514750948366
828 Oryol	8638.90642610112,4375.898208457418	1.1396909582993557
829 Murom	8816.451463939467,4386.218900332062	0.12719024666508974
830 Smolensk	7942.440636575328,4331.410832828693	0.06164725734873924
831 Yartsevo	8008.8341393327755,4076.2037982081774	0.30969129289851166
832 Vyazma	8335.087743092692,4039.402780154145	0.42043139261201706
833 Ryazan	8808.674020620852,4078.4254292956375	0.07858010472439941
834 Tuma	9286.664521851771,4100.166153671302	-1.027024229574309
835 Vladimir	8888.670870680377,3788.4086017895042	-0.08016775585015734
836 Moscow	8480.920097367203,3724.3364583612347	0.7108519647992975
837 Tver	8231.750893221475,3476.9597838466457	1.5419820736164882
838 Rzhev	7895.152819881242,3772.0326647888414	0.24515203641621366
839 Velikiye Luki	7727.292596619652,3966.0191499244606	0.03237191148286207
840 Luga	7479.738095953752,3646.004983935559	0.28433301414733897
841 Novgorod	7879.566399296993,3477.820337866559	-0.32007375488800643
842 Gatchina	7700.5797893377085,3294.0788973542144	-0.4689475280697689
843 Ustyuzhna	8224.358510071866,3104.4640564587767	-0.010686156187987182
844 Breytovo	8305.518758792865,3401.448714377272	-0.44454502048507066
845 Yaroslavl	8605.191459175552,3180.4696152283327	0.14827811129206533
846 Ivanovo	9073.701824269165,3452.504275735535	-0.26507401455079954
847 Dzerzhinsk	9455.995907774428,3670.443959282386	-1.3429671097461768
848 Nizhny Novgorod	9616.848632860756,3304.832991071809	-1.3956137307975618
849 Yoshkar-Ola	9541.130457698342,2753.0586814494322	-0.03580913187550417
850 Kineshma	9174.931645300592,2774.877614253262	0.46202606426152826
851 Kostroma	8940.652141116532,3051.3945636748686	0.08262310966513957
852 Dubna	8630.672818056388,3515.611782500296	-0.06586605925583694
853 Cherepovets	8545.87342721856,2652.810323079966	1.2551070352055869
854 Vologda	8673.371666308281,2537.6676565443595	0.4580525208269043
855 Syamzha	8927.097358362807,2359.3386991684633	0.3407779454590831
856 Totma	9348.702346387994,2414.864606923432	-0.013647205252946788
857 Kargopol	8452.938191652316,2229.94658736956	-0.07534946029834498
858 Solza	8250.044899060342,2512.2012707128515	0.2979004055284117
859 Belozersk	8120.587273212309,2811.1546460371815	-0.07591279964333587
860 Bereznik	8533.523336797107,1906.5746280781532	-0.031237834689146673
861 Kholmogory	8231.930307913128,1663.0689881418257	-0.093183131113515
862 Archangelsk	8088.127757798278,1234.8387642958262	0.12802146576752468
863 Sverodvinsk	7794.912854146036,1637.1665114563882	0.06537157547466375
864 Onega	8007.929645449917,1983.23492093135	-1.3441524921676817
865 Mimy	8153.185639302343,1997.744801528937	-0.19061393954808437
866 Pudozh	7962.005972046388,2266.4041846213445	-0.012123323563237599
867 Vytegra	8053.014579923512,2712.623731607058	-1.2422214902498885
868 Kurba	7780.613734248857,2946.656408794037	-0.20624875627293973
869 Volkhov	7610.789201498193,3122.0035558022746	-1.2149080826573597
870 Slantsy	7272.356524420932,3419.4898044712118	-0.35874300941840714
871 Ingria	7177.893942677455,3323.1926317587286	-0.6365360792924981
872 Neva	7334.155129745296,3063.099349428768	0.330064040429899
873 Vyborg	7132.379534753012,2950.546798230043	0.3882825891829827
874 Priozersk	7214.116842205047,2685.2875963411116	1.4497459965211679
875 Shyoltozero	7761.38856568044,2664.8390742511356	-0.2233797869474319
876 Petrozavodsk	7646.102153352955,2633.4834315860385	-1.36985802536415
877 Suoyarvi	7442.166490859388,2584.972414778574	-1.3683577684240646
878 Malenga	7743.655738354051,1895.7326120802213	1.4876151400986692
879 Kem	7378.608469000132,1788.9700090232543	1.3450280199726277
880 Muyerzerskiy	7132.514271950606,2034.6740856038653	0.48974208180548157
881 Sofporog	7002.576794409448,1687.8541816645827	-0.10274219341875541
882 Apatity	6854.589230116013,1269.528666386997	-0.2530742582242053
883 Murmansk	6736.530776842356,812.5008862157791	-0.03864735500196731
884 Kola	7341.063219317108,1019.3482455673484	0.09294282732747433
885 Aleppo	10332.489524901772,8552.646923024851	-0.231753648977187
886 Homs	10355.735539951713,8783.806456868913	-0.13207229691012987
887 Latakia	10221.461295787209,8793.5296724229	1.1382072519313131
888 Damascus	10450.81235701666,9050.101369238528	-0.03975057408770771
889 Byblos	10373.838028049944,9251.373037567055	-1.446328535003427
890 Beirut	10320.882763914002,9498.985584377386	-1.3304152772981612
891 Daraa	10424.89182489572,9347.455329493512	1.5212653583494276
892 Haifa	10342.044567996369,9696.184917206068	-1.5367190007399396
893 Jerusalem	10300.090036621594,10045.917848431964	-1.5191992001931354
894 West Bank	10345.053332047326,9794.660849426	1.3040596497297117
895 Amman	10472.865311572154,9744.515176736997	1.2667391211209875
896 Mafraq	10791.864161992176,9720.14390550815	-0.9782340279243368
897 Suwayda	10689.571617290678,9567.89627733083	-1.4114076853891238
898 Palmyra	10812.973889068835,9034.386887648396	1.471865161309403
899 Tabqah	10748.768871051201,8808.781277324304	-0.03786967112253571
900 Raqqa	10618.856696309997,8469.134094667408	0.30157677241471814
901 Sinai	10297.09297033391,10503.942282368642	1.481172713156589
902 Hasakah	10874.607028677836,8255.503385493377	1.4870786256955597
903 Maan	10513.270178721712,10132.982820003877	1.3816789615063347
904 Eilat	10343.894777331074,10131.062639945441	1.3011437982495306
905 Arish	10026.829880563482,10227.707721990691	-0.3608263736297473
906 Thamad	10176.332695878142,10358.060041829249	0.035313230028742
907 Zaranik	9820.119409813604,10318.190643434426	0.44703904455457216
908 Tur	10040.590678281815,10594.41876981457	0.5465646681598404
909 Zaafarana	10009.412692761196,10771.144257041222	0.7275227855455695
910 Beni Suef	9776.885857327656,10820.597575012336	0.2842000069242837
911 Faiyum	9424.974384212812,10903.515409211454	-0.1370567005010365
912 Giza	9408.184792490325,10752.205651476457	-0.5666749866838943
913 Cairo	9635.5009504501,10590.43795841716	0.17689670359668722
914 Benha	9494.88711970994,10495.762044944875	-0.21450419303992208
915 Suez	9784.629048889656,10523.276909198223	0.4798523846490172
916 Ismailiyah	9702.202305931472,10397.579708721118	0.14356908965429577
917 Said	9592.997459663296,10335.473182346035	-0.20021249065946095
918 Dumyat	9463.149675093713,10293.74289393856	-0.20317254286796754
919 Damanhur	9309.522455334487,10344.104989716896	-0.3745532808040144
920 Alexandria	9199.359161964261,10483.390442708782	-1.2223796725436482
921 Tanta	9290.583948121099,10681.175626828746	-1.1236012979313106
922 Marsa Matruh	8733.939782849417,10556.01557436579	0.18928854053164137
923 Salloum	8239.458981260776,10655.746756156537	-0.33218068285697233
924 Tobruk	7666.545668066744,10584.482963229464	0.22028149784760634
925 Baida	7276.143227217356,10462.943343235405	-0.09375610189165162
926 Benghazi	7064.386067520541,10589.120508462347	0.31569753591055444
927 Brega	7013.172680190442,10934.904773385735	-0.16638830625561685
928 Ras Lanuf	6389.585767442541,10918.19971365459	0.20337131048138365
929 Sirte	5892.922402694514,10904.00654630263	0.17192948274127864
930 Misurata	5780.478637689638,10655.274223350478	0.0021757800291085753
931 Tripoli	5474.540675416587,10589.725686325506	0.03124803514068195
932 Zuwara	5136.779807025798,10546.8354541423	0.3668142485840702
933 Tabaqah	5317.966542272418,10871.032254366037	0.007381621775490435
934 Dirj	4902.426482070108,10897.518985504305	-0.05957639569455002
935 Tataouine	4562.288921251487,10755.725442437846	0.038112598024621046
936 Kebili	4312.977265035869,10303.818862663185	0.271296519711853
937 Kasserine	4439.33041615985,9880.461949049588	0.16947151859639015
938 Medenine	4807.296302356174,10425.334308577281	0.004857233395537077
939 Gabes	4636.9732454702025,10231.438651275135	0.2659972638685682
940 Sfax	4817.433098013491,10061.654283916512	-0.5653301477235498
941 Sousse	4763.0791664504695,9787.646204383002	-0.07229478527392902
942 Tunis	4771.091887231848,9561.351955818673	-0.006477552494009757
943 Bizerte	4468.379958479045,9642.023013998338	-0.5502333738512923
944 Toggourt	4045.4485946601726,10669.400557479761	0.36516044490609256
945 Biskra	3801.6164934891844,10292.265626896893	-0.12721991571980396
946 Laghouat	3427.5877539447147,10449.502132235264	0.49206203696238465
947 Djelfa	3075.564836399205,10188.090043421305	-0.04089441095216895
948 Batna	3801.1700648781148,9949.18544401641	-0.061856832365812825
949 Tebessa	4213.941047498639,9707.88912701924	1.5257646082092549
950 Annaba	4205.5525532004895,9553.315810643704	0.17592456458609995
951 Skikda	3882.8725762700396,9582.418914809556	-0.22243022070314863
952 Constantine	3915.0416092824144,9718.056060718387	-0.0010127571588414348
953 Setif	3638.336184258662,9783.238964594888	-0.09360220415292138
954 Bejaia	3541.427531670801,9535.921702714282	0.1727400257687496
955 Algiers	3278.8999211775244,9532.192235670242	-0.00806498391723032
956 Oussera	3290.513829053071,9796.298064997689	-0.027188842569987673
957 Blida	3081.908148823847,9656.855752053334	-0.20513161887215658
958 Chlef	2806.9866249456695,9646.452320248929	-0.11979166201737389
959 Tiaret	2828.1526513297263,9866.871680222586	0.16332277754405522
960 Siddi Bel Abbes	2525.5090225095246,9900.010686022028	0.14329066369521176
961 Oran	2500.387821112799,9717.148219630717	-0.17536762535919845
962 Tlemcen	2220.6518234146206,9871.286274818096	-0.26048631655896953
963 Aricha	2238.471253196174,10109.941070012606	0.06355827326876737
964 Figuig	1983.016460898773,10193.114059823862	-0.11275518649864082
965 Oujda	1873.830864129346,9975.791879616272	0.08224074357042109
966 Anoual	1675.9137552955003,10150.64282851855	-0.24953209544918195
967 Ouarzazate	1257.6430742355487,10295.203685237899	-0.3185256269749294
968 Marrakech	903.451707752966,10344.786505198108	-0.47945246107659545
969 Meknes	1309.7028914434036,10035.757561118584	0.23158197720939858
970 Fez	1508.1763404776661,9903.477023475198	0.06375696353865085
971 Nador	1867.8795559098337,9762.28693340347	0.28933468627005626
972 Hocelma	1549.7709076671292,9704.652404951643	0.019146478013926174
973 Agadir	566.9493928243,10434.84659663789	-0.1819969104017146
974 Safi	686.646616945149,10172.630392063153	0.07581659647735386
975 Casablanca	875.6916373049418,10006.754885465856	0.03410746502591675
976 Rabat	1173.1973643119475,9872.95827731637	-0.2338135829553687
977 Tetouan	1348.7001827991187,9598.607059653934	0.11098880285500518
978 Ceuta	1402.7209326432796,9461.585574495979	0.019537985679602212
